# Forces      
# CofR        : (0.000000e+00 0.000000e+00 0.000000e+00)
# Time        forces(pressure viscous porous)	moments(pressure viscous porous)
2.5e-06       	((1.288226e+00 2.041108e+01 6.447097e-01) (2.120798e-05 5.430630e-01 6.817463e-03) (0.000000e+00 0.000000e+00 0.000000e+00)) ((-1.236668e+01 -5.106445e+00 1.908448e+02) (-4.621215e-01 -6.990202e-02 5.411133e+00) (0.000000e+00 0.000000e+00 0.000000e+00))
5e-06         	((2.401500e+00 8.630216e+01 4.429999e-03) (6.205893e-03 7.381598e-01 -9.739911e-04) (0.000000e+00 0.000000e+00 0.000000e+00)) ((-7.836035e+01 1.753048e+00 8.368778e+02) (-6.507391e-01 1.369547e-02 7.296224e+00) (0.000000e+00 0.000000e+00 0.000000e+00))
7.5e-06       	((1.008299e+00 1.718054e+02 6.936101e+00) (1.842362e-02 7.510426e-01 -7.628684e-03) (0.000000e+00 0.000000e+00 0.000000e+00)) ((-9.378397e+01 -6.921373e+01 1.703137e+03) (-6.845327e-01 9.062972e-02 7.302888e+00) (0.000000e+00 0.000000e+00 0.000000e+00))
1e-05         	((1.974318e+00 1.159414e+02 -7.634597e-01) (1.527348e-02 6.546986e-01 -3.587433e-02) (0.000000e+00 0.000000e+00 0.000000e+00)) ((-1.105879e+02 9.037742e+00 1.136419e+03) (-8.726086e-01 3.650037e-01 6.375027e+00) (0.000000e+00 0.000000e+00 0.000000e+00))
1.25e-05      	((2.265506e+00 3.823050e+01 -7.035187e+00) (7.189407e-02 7.715094e-01 3.902458e-02) (0.000000e+00 0.000000e+00 0.000000e+00)) ((-9.578225e+01 7.245215e+01 3.589590e+02) (-2.522146e-01 -3.230287e-01 6.973934e+00) (0.000000e+00 0.000000e+00 0.000000e+00))
1.5e-05       	((3.187777e+00 1.570225e+01 -2.129929e+00) (1.184337e-01 7.523463e-01 3.236445e-02) (0.000000e+00 0.000000e+00 0.000000e+00)) ((-2.817134e+01 2.480610e+01 1.250909e+02) (-3.169026e-01 -2.072338e-01 6.316474e+00) (0.000000e+00 0.000000e+00 0.000000e+00))
1.75e-05      	((9.992072e-01 1.811610e+01 3.092822e+00) (-4.907802e-02 2.900540e-01 -9.766957e-02) (0.000000e+00 0.000000e+00 0.000000e+00)) ((1.719539e+01 -2.938429e+01 1.710408e+02) (-1.163447e+00 9.202587e-01 3.383422e+00) (0.000000e+00 0.000000e+00 0.000000e+00))
2e-05         	((-2.850715e-01 2.477427e+01 4.463120e+00) (-1.000906e-01 2.861567e-01 -7.459898e-02) (0.000000e+00 0.000000e+00 0.000000e+00)) ((2.177231e+01 -4.440311e+01 2.502788e+02) (-9.325476e-01 6.376064e-01 3.857879e+00) (0.000000e+00 0.000000e+00 0.000000e+00))
2.25e-05      	((-1.429584e+00 2.229165e+01 1.651194e+00) (-3.989412e-03 5.016555e-01 -9.181472e-03) (0.000000e+00 0.000000e+00 0.000000e+00)) ((-4.097373e+00 -1.759708e+01 2.370617e+02) (-4.963872e-01 8.321177e-02 5.044807e+00) (0.000000e+00 0.000000e+00 0.000000e+00))
2.5e-05       	((-1.985787e+00 1.579825e+01 -1.939704e+00) (1.128998e-02 5.231574e-01 -1.108691e-03) (0.000000e+00 0.000000e+00 0.000000e+00)) ((-3.266265e+01 1.759691e+01 1.780154e+02) (-4.356380e-01 1.845301e-02 5.106249e+00) (0.000000e+00 0.000000e+00 0.000000e+00))
2.75e-05      	((-2.204653e+00 1.218219e+01 -2.958601e+00) (1.996262e-02 5.178170e-01 4.774714e-03) (0.000000e+00 0.000000e+00 0.000000e+00)) ((-3.849201e+01 2.752593e+01 1.441754e+02) (-3.696089e-01 -3.139782e-02 4.966289e+00) (0.000000e+00 0.000000e+00 0.000000e+00))
3e-05         	((-1.322080e+00 1.376515e+01 -1.311690e+00) (2.253463e-02 5.160446e-01 2.060186e-02) (0.000000e+00 0.000000e+00 0.000000e+00)) ((-2.351714e+01 1.203411e+01 1.510022e+02) (-2.092444e-01 -1.868568e-01 4.923254e+00) (0.000000e+00 0.000000e+00 0.000000e+00))
3.25e-05      	((1.896505e-01 1.793754e+01 1.559460e+00) (1.559284e-02 4.919570e-01 1.223537e-02) (0.000000e+00 0.000000e+00 0.000000e+00)) ((6.010476e-01 -1.502138e+01 1.772915e+02) (-2.690743e-01 -1.104746e-01 4.752294e+00) (0.000000e+00 0.000000e+00 0.000000e+00))
3.5e-05       	((1.571096e+00 1.982594e+01 3.223516e+00) (9.677016e-03 4.786735e-01 3.169562e-03) (0.000000e+00 0.000000e+00 0.000000e+00)) ((1.488480e+01 -3.017419e+01 1.821745e+02) (-3.477340e-01 -2.611978e-02 4.678805e+00) (0.000000e+00 0.000000e+00 0.000000e+00))
3.75e-05      	((1.602651e+00 1.828207e+01 2.833070e+00) (5.957936e-03 4.703683e-01 -3.801837e-03) (0.000000e+00 0.000000e+00 0.000000e+00)) ((1.227958e+01 -2.624926e+01 1.665181e+02) (-4.106943e-01 3.953492e-02 4.633189e+00) (0.000000e+00 0.000000e+00 0.000000e+00))
4e-05         	((2.557105e-01 1.522062e+01 1.264819e+00) (5.361261e-03 4.642524e-01 -6.355700e-03) (0.000000e+00 0.000000e+00 0.000000e+00)) ((-3.495623e-01 -1.201419e+01 1.496453e+02) (-4.316137e-01 6.430552e-02 4.578320e+00) (0.000000e+00 0.000000e+00 0.000000e+00))
4.25e-05      	((-1.014652e+00 1.333762e+01 9.082597e-02) (6.114936e-03 4.600256e-01 -5.695760e-03) (0.000000e+00 0.000000e+00 0.000000e+00)) ((-1.011821e+01 -1.609215e+00 1.437065e+02) (-4.220744e-01 5.847462e-02 4.528748e+00) (0.000000e+00 0.000000e+00 0.000000e+00))
4.5e-05       	((-1.218592e+00 1.375574e+01 1.008020e-01) (7.039345e-03 4.559391e-01 -4.977216e-03) (0.000000e+00 0.000000e+00 0.000000e+00)) ((-1.038387e+01 -1.878404e+00 1.498946e+02) (-4.118574e-01 5.228443e-02 4.478660e+00) (0.000000e+00 0.000000e+00 0.000000e+00))
4.75e-05      	((-5.674304e-01 1.540137e+01 8.946008e-01) (7.996369e-03 4.541720e-01 -3.769134e-03) (0.000000e+00 0.000000e+00 0.000000e+00)) ((-4.113234e+00 -9.078808e+00 1.596616e+02) (-3.988732e-01 4.124981e-02 4.451238e+00) (0.000000e+00 0.000000e+00 0.000000e+00))
5e-05         	((1.088646e-01 1.660295e+01 1.655800e+00) (8.378065e-03 4.533958e-01 -2.854011e-03) (0.000000e+00 0.000000e+00 0.000000e+00)) ((2.228543e+00 -1.595438e+01 1.647620e+02) (-3.898042e-01 3.251549e-02 4.439481e+00) (0.000000e+00 0.000000e+00 0.000000e+00))
5.25e-05      	((2.922808e-01 1.666840e+01 1.934350e+00) (7.979399e-03 4.525570e-01 -2.786498e-03) (0.000000e+00 0.000000e+00 0.000000e+00)) ((4.877990e+00 -1.855781e+01 1.635496e+02) (-3.890751e-01 3.136498e-02 4.435014e+00) (0.000000e+00 0.000000e+00 0.000000e+00))
5.5e-05       	((2.513240e-02 1.591027e+01 1.786985e+00) (7.235497e-03 4.514467e-01 -3.201363e-03) (0.000000e+00 0.000000e+00 0.000000e+00)) ((4.108826e+00 -1.739287e+01 1.587044e+02) (-3.929818e-01 3.464878e-02 4.431403e+00) (0.000000e+00 0.000000e+00 0.000000e+00))
5.75e-05      	((-3.409492e-01 1.508456e+01 1.518263e+00) (6.494969e-03 4.498348e-01 -3.782138e-03) (0.000000e+00 0.000000e+00 0.000000e+00)) ((2.209150e+00 -1.511278e+01 1.541888e+02) (-3.980945e-01 3.962157e-02 4.422820e+00) (0.000000e+00 0.000000e+00 0.000000e+00))
6e-05         	((-5.144392e-01 1.471309e+01 1.372255e+00) (6.056690e-03 4.482065e-01 -4.243638e-03) (0.000000e+00 0.000000e+00 0.000000e+00)) ((1.091861e+00 -1.384175e+01 1.522417e+02) (-4.019078e-01 4.374606e-02 4.411048e+00) (0.000000e+00 0.000000e+00 0.000000e+00))
6.25e-05      	((-4.656860e-01 1.477559e+01 1.406593e+00) (5.918836e-03 4.470532e-01 -4.477966e-03) (0.000000e+00 0.000000e+00 0.000000e+00)) ((1.352592e+00 -1.412967e+01 1.523586e+02) (-4.038466e-01 4.595571e-02 4.400961e+00) (0.000000e+00 0.000000e+00 0.000000e+00))
6.5e-05       	((-3.037073e-01 1.506198e+01 1.547200e+00) (5.859196e-03 4.462826e-01 -4.604602e-03) (0.000000e+00 0.000000e+00 0.000000e+00)) ((2.455578e+00 -1.535830e+01 1.535545e+02) (-4.049946e-01 4.720766e-02 4.393845e+00) (0.000000e+00 0.000000e+00 0.000000e+00))
6.75e-05      	((-1.582483e-01 1.530797e+01 1.691994e+00) (5.762539e-03 4.455662e-01 -4.744528e-03) (0.000000e+00 0.000000e+00 0.000000e+00)) ((3.641096e+00 -1.664904e+01 1.545170e+02) (-4.062309e-01 4.856879e-02 4.387628e+00) (0.000000e+00 0.000000e+00 0.000000e+00))
7e-05         	((-9.098393e-02 1.537621e+01 1.783456e+00) (5.562921e-03 4.446295e-01 -4.977599e-03) (0.000000e+00 0.000000e+00 0.000000e+00)) ((4.469530e+00 -1.749281e+01 1.545078e+02) (-4.081047e-01 5.075592e-02 4.380278e+00) (0.000000e+00 0.000000e+00 0.000000e+00))
7.25e-05      	((-9.031966e-02 1.528882e+01 1.821254e+00) (5.292923e-03 4.434167e-01 -5.274398e-03) (0.000000e+00 0.000000e+00 0.000000e+00)) ((4.914807e+00 -1.787105e+01 1.536311e+02) (-4.102743e-01 5.349373e-02 4.370933e+00) (0.000000e+00 0.000000e+00 0.000000e+00))
7.5e-05       	((-1.106670e-01 1.514926e+01 1.834184e+00) (4.996768e-03 4.423943e-01 -5.764648e-03) (0.000000e+00 0.000000e+00 0.000000e+00)) ((5.162015e+00 -1.802084e+01 1.524540e+02) (-4.145953e-01 5.811400e-02 4.363751e+00) (0.000000e+00 0.000000e+00 0.000000e+00))
7.75e-05      	((-1.114003e-01 1.504917e+01 1.847498e+00) (4.703829e-03 4.414054e-01 -6.247222e-03) (0.000000e+00 0.000000e+00 0.000000e+00)) ((5.373996e+00 -1.814970e+01 1.514760e+02) (-4.188631e-01 6.266409e-02 4.356883e+00) (0.000000e+00 0.000000e+00 0.000000e+00))
8e-05         	((-7.862663e-02 1.502383e+01 1.876774e+00) (4.469928e-03 4.405685e-01 -6.694544e-03) (0.000000e+00 0.000000e+00 0.000000e+00)) ((5.673535e+00 -1.840103e+01 1.509052e+02) (-4.229010e-01 6.691515e-02 4.350940e+00) (0.000000e+00 0.000000e+00 0.000000e+00))
8.25e-05      	((-2.435622e-02 1.505427e+01 1.922752e+00) (4.305547e-03 4.399166e-01 -7.081823e-03) (0.000000e+00 0.000000e+00 0.000000e+00)) ((6.087964e+00 -1.879683e+01 1.506725e+02) (-4.265164e-01 7.064654e-02 4.346154e+00) (0.000000e+00 0.000000e+00 0.000000e+00))
8.5e-05       	((3.611428e-02 1.510208e+01 1.977098e+00) (4.344665e-03 4.393494e-01 -7.503586e-03) (0.000000e+00 0.000000e+00 0.000000e+00)) ((6.572695e+00 -1.927277e+01 1.505487e+02) (-4.306252e-01 7.485192e-02 4.340177e+00) (0.000000e+00 0.000000e+00 0.000000e+00))
8.75e-05      	((9.298467e-02 1.513894e+01 2.028759e+00) (4.226677e-03 4.389232e-01 -7.755664e-03) (0.000000e+00 0.000000e+00 0.000000e+00)) ((7.044769e+00 -1.972947e+01 1.503508e+02) (-4.330963e-01 7.733824e-02 4.337207e+00) (0.000000e+00 0.000000e+00 0.000000e+00))
9e-05         	((1.445691e-01 1.515625e+01 2.069876e+00) (4.131397e-03 4.385219e-01 -8.000447e-03) (0.000000e+00 0.000000e+00 0.000000e+00)) ((7.432191e+00 -2.008929e+01 1.500101e+02) (-4.354849e-01 7.975617e-02 4.334253e+00) (0.000000e+00 0.000000e+00 0.000000e+00))
9.25e-05      	((1.957400e-01 1.515979e+01 2.098111e+00) (4.085476e-03 4.380902e-01 -8.276957e-03) (0.000000e+00 0.000000e+00 0.000000e+00)) ((7.704231e+00 -2.032380e+01 1.495350e+02) (-4.381816e-01 8.249696e-02 4.330502e+00) (0.000000e+00 0.000000e+00 0.000000e+00))
9.5e-05       	((2.503848e-01 1.515863e+01 2.115217e+00) (4.070384e-03 4.377277e-01 -8.548853e-03) (0.000000e+00 0.000000e+00 0.000000e+00)) ((7.868635e+00 -2.044574e+01 1.489764e+02) (-4.408832e-01 8.520102e-02 4.327127e+00) (0.000000e+00 0.000000e+00 0.000000e+00))
9.75e-05      	((3.094909e-01 1.515805e+01 2.124349e+00) (4.091046e-03 4.374241e-01 -8.788666e-03) (0.000000e+00 0.000000e+00 0.000000e+00)) ((7.951115e+00 -2.048484e+01 1.483773e+02) (-4.433157e-01 8.759984e-02 4.323978e+00) (0.000000e+00 0.000000e+00 0.000000e+00))
0.0001        	((3.721805e-01 1.515942e+01 2.128655e+00) (4.162501e-03 4.372210e-01 -9.002988e-03) (0.000000e+00 0.000000e+00 0.000000e+00)) ((7.981850e+00 -2.047318e+01 1.477603e+02) (-4.455741e-01 8.977440e-02 4.321314e+00) (0.000000e+00 0.000000e+00 0.000000e+00))
0.0001025     	((4.347968e-01 1.516152e+01 2.129913e+00) (4.251495e-03 4.370779e-01 -9.169408e-03) (0.000000e+00 0.000000e+00 0.000000e+00)) ((7.980052e+00 -2.043134e+01 1.471509e+02) (-4.473969e-01 9.148499e-02 4.319071e+00) (0.000000e+00 0.000000e+00 0.000000e+00))
0.000105      	((4.942638e-01 1.516362e+01 2.128637e+00) (4.358280e-03 4.369820e-01 -9.296148e-03) (0.000000e+00 0.000000e+00 0.000000e+00)) ((7.952305e+00 -2.036690e+01 1.465732e+02) (-4.488458e-01 9.281465e-02 4.317116e+00) (0.000000e+00 0.000000e+00 0.000000e+00))
0.0001075     	((5.485767e-01 1.516429e+01 2.125156e+00) (4.470224e-03 4.368936e-01 -9.399923e-03) (0.000000e+00 0.000000e+00 0.000000e+00)) ((7.904029e+00 -2.028481e+01 1.460337e+02) (-4.500509e-01 9.392281e-02 4.315180e+00) (0.000000e+00 0.000000e+00 0.000000e+00))
0.00011       	((5.963994e-01 1.516282e+01 2.120172e+00) (4.585602e-03 4.367580e-01 -9.479948e-03) (0.000000e+00 0.000000e+00 0.000000e+00)) ((7.843578e+00 -2.019306e+01 1.455387e+02) (-4.509586e-01 9.480306e-02 4.312734e+00) (0.000000e+00 0.000000e+00 0.000000e+00))
0.0001125     	((6.377364e-01 1.515962e+01 2.114898e+00) (4.720664e-03 4.365626e-01 -9.551342e-03) (0.000000e+00 0.000000e+00 0.000000e+00)) ((7.783107e+00 -2.010375e+01 1.450923e+02) (-4.517107e-01 9.561689e-02 4.309484e+00) (0.000000e+00 0.000000e+00 0.000000e+00))
0.000115      	((6.728242e-01 1.515571e+01 2.110410e+00) (4.873416e-03 4.363005e-01 -9.622763e-03) (0.000000e+00 0.000000e+00 0.000000e+00)) ((7.732503e+00 -2.002759e+01 1.447021e+02) (-4.523919e-01 9.644995e-02 4.305381e+00) (0.000000e+00 0.000000e+00 0.000000e+00))
0.0001175     	((7.018301e-01 1.515190e+01 2.107275e+00) (5.040455e-03 4.359738e-01 -9.697676e-03) (0.000000e+00 0.000000e+00 0.000000e+00)) ((7.696438e+00 -1.997032e+01 1.443742e+02) (-4.530431e-01 9.733270e-02 4.300478e+00) (0.000000e+00 0.000000e+00 0.000000e+00))
0.00012       	((7.250402e-01 1.514825e+01 2.105710e+00) (5.208138e-03 4.355989e-01 -9.772282e-03) (0.000000e+00 0.000000e+00 0.000000e+00)) ((7.676761e+00 -1.993407e+01 1.441060e+02) (-4.536457e-01 9.821418e-02 4.295082e+00) (0.000000e+00 0.000000e+00 0.000000e+00))
0.0001225     	((7.425920e-01 1.514422e+01 2.105765e+00) (5.368190e-03 4.351945e-01 -9.842032e-03) (0.000000e+00 0.000000e+00 0.000000e+00)) ((7.674385e+00 -1.991949e+01 1.438906e+02) (-4.541740e-01 9.903973e-02 4.289460e+00) (0.000000e+00 0.000000e+00 0.000000e+00))
0.000125      	((7.549873e-01 1.513960e+01 2.107167e+00) (5.514583e-03 4.347690e-01 -9.906819e-03) (0.000000e+00 0.000000e+00 0.000000e+00)) ((7.686788e+00 -1.992360e+01 1.437205e+02) (-4.546362e-01 9.980148e-02 4.283759e+00) (0.000000e+00 0.000000e+00 0.000000e+00))
0.0001275     	((7.630393e-01 1.513471e+01 2.109666e+00) (5.645606e-03 4.343293e-01 -9.964692e-03) (0.000000e+00 0.000000e+00 0.000000e+00)) ((7.711131e+00 -1.994314e+01 1.435908e+02) (-4.550180e-01 1.004768e-01 4.278067e+00) (0.000000e+00 0.000000e+00 0.000000e+00))
0.00013       	((7.680493e-01 1.513022e+01 2.113109e+00) (5.761087e-03 4.338817e-01 -1.001519e-02) (0.000000e+00 0.000000e+00 0.000000e+00)) ((7.745253e+00 -1.997534e+01 1.434950e+02) (-4.553198e-01 1.010597e-01 4.272450e+00) (0.000000e+00 0.000000e+00 0.000000e+00))
0.0001325     	((7.710587e-01 1.512666e+01 2.117260e+00) (5.860568e-03 4.334358e-01 -1.005846e-02) (0.000000e+00 0.000000e+00 0.000000e+00)) ((7.786225e+00 -2.001669e+01 1.434280e+02) (-4.555490e-01 1.015519e-01 4.267007e+00) (0.000000e+00 0.000000e+00 0.000000e+00))
0.000135      	((7.725100e-01 1.512417e+01 2.121979e+00) (5.944166e-03 4.330035e-01 -1.009429e-02) (0.000000e+00 0.000000e+00 0.000000e+00)) ((7.832422e+00 -2.006507e+01 1.433868e+02) (-4.557117e-01 1.019530e-01 4.261857e+00) (0.000000e+00 0.000000e+00 0.000000e+00))
0.0001375     	((7.726368e-01 1.512238e+01 2.127350e+00) (6.014191e-03 4.325935e-01 -1.012031e-02) (0.000000e+00 0.000000e+00 0.000000e+00)) ((7.884927e+00 -2.012081e+01 1.433657e+02) (-4.557900e-01 1.022429e-01 4.257064e+00) (0.000000e+00 0.000000e+00 0.000000e+00))
0.00014       	((7.715786e-01 1.512134e+01 2.133172e+00) (6.070275e-03 4.322064e-01 -1.013754e-02) (0.000000e+00 0.000000e+00 0.000000e+00)) ((7.941564e+00 -2.018149e+01 1.433640e+02) (-4.557920e-01 1.024335e-01 4.252638e+00) (0.000000e+00 0.000000e+00 0.000000e+00))
0.0001425     	((7.695676e-01 1.512108e+01 2.139084e+00) (6.114956e-03 4.318410e-01 -1.014398e-02) (0.000000e+00 0.000000e+00 0.000000e+00)) ((7.998539e+00 -2.024308e+01 1.433798e+02) (-4.556943e-01 1.025085e-01 4.248544e+00) (0.000000e+00 0.000000e+00 0.000000e+00))
0.000145      	((7.671193e-01 1.512190e+01 2.144725e+00) (6.143348e-03 4.314969e-01 -1.014022e-02) (0.000000e+00 0.000000e+00 0.000000e+00)) ((8.051902e+00 -2.030150e+01 1.434110e+02) (-4.555006e-01 1.024716e-01 4.244824e+00) (0.000000e+00 0.000000e+00 0.000000e+00))
0.0001475     	((7.643424e-01 1.512363e+01 2.149886e+00) (6.163693e-03 4.311754e-01 -1.012804e-02) (0.000000e+00 0.000000e+00 0.000000e+00)) ((8.099634e+00 -2.035461e+01 1.434549e+02) (-4.552300e-01 1.023471e-01 4.241411e+00) (0.000000e+00 0.000000e+00 0.000000e+00))
0.00015       	((7.614509e-01 1.512624e+01 2.154524e+00) (6.177484e-03 4.308745e-01 -1.011130e-02) (0.000000e+00 0.000000e+00 0.000000e+00)) ((8.141351e+00 -2.040200e+01 1.435088e+02) (-4.549215e-01 1.021748e-01 4.238268e+00) (0.000000e+00 0.000000e+00 0.000000e+00))
0.0001525     	((7.589073e-01 1.512960e+01 2.158570e+00) (6.187055e-03 4.305957e-01 -1.009040e-02) (0.000000e+00 0.000000e+00 0.000000e+00)) ((8.176543e+00 -2.044283e+01 1.435665e+02) (-4.545810e-01 1.019604e-01 4.235389e+00) (0.000000e+00 0.000000e+00 0.000000e+00))
0.000155      	((7.571480e-01 1.513350e+01 2.161901e+00) (6.192051e-03 4.303423e-01 -1.006476e-02) (0.000000e+00 0.000000e+00 0.000000e+00)) ((8.204137e+00 -2.047572e+01 1.436216e+02) (-4.542046e-01 1.016990e-01 4.232809e+00) (0.000000e+00 0.000000e+00 0.000000e+00))
0.0001575     	((7.565335e-01 1.513766e+01 2.164455e+00) (6.194089e-03 4.301110e-01 -1.003897e-02) (0.000000e+00 0.000000e+00 0.000000e+00)) ((8.223767e+00 -2.049999e+01 1.436675e+02) (-4.538375e-01 1.014368e-01 4.230479e+00) (0.000000e+00 0.000000e+00 0.000000e+00))
0.00016       	((7.571565e-01 1.514187e+01 2.166236e+00) (6.195475e-03 4.298983e-01 -1.001311e-02) (0.000000e+00 0.000000e+00 0.000000e+00)) ((8.235686e+00 -2.051576e+01 1.437011e+02) (-4.534787e-01 1.011761e-01 4.228340e+00) (0.000000e+00 0.000000e+00 0.000000e+00))
0.0001625     	((7.589770e-01 1.514593e+01 2.167345e+00) (6.197026e-03 4.297029e-01 -9.984588e-03) (0.000000e+00 0.000000e+00 0.000000e+00)) ((8.241078e+00 -2.052412e+01 1.437208e+02) (-4.531004e-01 1.008904e-01 4.226370e+00) (0.000000e+00 0.000000e+00 0.000000e+00))
0.000165      	((7.617808e-01 1.514980e+01 2.167991e+00) (6.197708e-03 4.295238e-01 -9.953623e-03) (0.000000e+00 0.000000e+00 0.000000e+00)) ((8.242077e+00 -2.052731e+01 1.437285e+02) (-4.527041e-01 1.005815e-01 4.224573e+00) (0.000000e+00 0.000000e+00 0.000000e+00))
0.0001675     	((7.653109e-01 1.515348e+01 2.168283e+00) (6.199167e-03 4.293600e-01 -9.918282e-03) (0.000000e+00 0.000000e+00 0.000000e+00)) ((8.239807e+00 -2.052664e+01 1.437269e+02) (-4.522699e-01 1.002304e-01 4.222919e+00) (0.000000e+00 0.000000e+00 0.000000e+00))
0.00017       	((7.692533e-01 1.515694e+01 2.168248e+00) (6.202507e-03 4.292095e-01 -9.878381e-03) (0.000000e+00 0.000000e+00 0.000000e+00)) ((8.234520e+00 -2.052259e+01 1.437190e+02) (-4.517952e-01 9.983576e-02 4.221378e+00) (0.000000e+00 0.000000e+00 0.000000e+00))
0.0001725     	((7.734120e-01 1.516011e+01 2.167814e+00) (6.208510e-03 4.290710e-01 -9.832917e-03) (0.000000e+00 0.000000e+00 0.000000e+00)) ((8.225567e+00 -2.051457e+01 1.437061e+02) (-4.512694e-01 9.938853e-02 4.219930e+00) (0.000000e+00 0.000000e+00 0.000000e+00))
0.000175      	((7.776940e-01 1.516285e+01 2.166916e+00) (6.215557e-03 4.289425e-01 -9.781959e-03) (0.000000e+00 0.000000e+00 0.000000e+00)) ((8.212380e+00 -2.050192e+01 1.436880e+02) (-4.506917e-01 9.888793e-02 4.218571e+00) (0.000000e+00 0.000000e+00 0.000000e+00))
0.0001775     	((7.820188e-01 1.516510e+01 2.165485e+00) (6.222949e-03 4.288234e-01 -9.725575e-03) (0.000000e+00 0.000000e+00 0.000000e+00)) ((8.194342e+00 -2.048396e+01 1.436649e+02) (-4.500620e-01 9.833400e-02 4.217302e+00) (0.000000e+00 0.000000e+00 0.000000e+00))
0.00018       	((7.863317e-01 1.516686e+01 2.163476e+00) (6.230919e-03 4.287133e-01 -9.665063e-03) (0.000000e+00 0.000000e+00 0.000000e+00)) ((8.171018e+00 -2.046021e+01 1.436373e+02) (-4.493933e-01 9.774014e-02 4.216119e+00) (0.000000e+00 0.000000e+00 0.000000e+00))
0.0001825     	((7.906433e-01 1.516811e+01 2.160807e+00) (6.238548e-03 4.286124e-01 -9.601651e-03) (0.000000e+00 0.000000e+00 0.000000e+00)) ((8.141628e+00 -2.042982e+01 1.436052e+02) (-4.486985e-01 9.711794e-02 4.215032e+00) (0.000000e+00 0.000000e+00 0.000000e+00))
0.000185      	((7.949463e-01 1.516883e+01 2.157444e+00) (6.246125e-03 4.285212e-01 -9.537288e-03) (0.000000e+00 0.000000e+00 0.000000e+00)) ((8.105857e+00 -2.039242e+01 1.435683e+02) (-4.479984e-01 9.648721e-02 4.214044e+00) (0.000000e+00 0.000000e+00 0.000000e+00))
0.0001875     	((7.992807e-01 1.516897e+01 2.153389e+00) (6.252634e-03 4.284389e-01 -9.473667e-03) (0.000000e+00 0.000000e+00 0.000000e+00)) ((8.063826e+00 -2.034803e+01 1.435256e+02) (-4.473096e-01 9.586394e-02 4.213158e+00) (0.000000e+00 0.000000e+00 0.000000e+00))
0.00019       	((8.037372e-01 1.516855e+01 2.148727e+00) (6.260127e-03 4.283654e-01 -9.412879e-03) (0.000000e+00 0.000000e+00 0.000000e+00)) ((8.016377e+00 -2.029743e+01 1.434764e+02) (-4.466533e-01 9.527046e-02 4.212351e+00) (0.000000e+00 0.000000e+00 0.000000e+00))
0.0001925     	((8.083856e-01 1.516764e+01 2.143590e+00) (6.269949e-03 4.282995e-01 -9.356398e-03) (0.000000e+00 0.000000e+00 0.000000e+00)) ((7.964790e+00 -2.024191e+01 1.434206e+02) (-4.460438e-01 9.472229e-02 4.211597e+00) (0.000000e+00 0.000000e+00 0.000000e+00))
0.000195      	((8.131958e-01 1.516632e+01 2.138187e+00) (6.280759e-03 4.282418e-01 -9.304486e-03) (0.000000e+00 0.000000e+00 0.000000e+00)) ((7.911080e+00 -2.018361e+01 1.433593e+02) (-4.454841e-01 9.422098e-02 4.210916e+00) (0.000000e+00 0.000000e+00 0.000000e+00))
0.0001975     	((8.181900e-01 1.516470e+01 2.132702e+00) (6.295064e-03 4.281897e-01 -9.259077e-03) (0.000000e+00 0.000000e+00 0.000000e+00)) ((7.856980e+00 -2.012436e+01 1.432932e+02) (-4.449919e-01 9.378754e-02 4.210256e+00) (0.000000e+00 0.000000e+00 0.000000e+00))
0.0002        	((8.233909e-01 1.516286e+01 2.127317e+00) (6.312843e-03 4.281397e-01 -9.221907e-03) (0.000000e+00 0.000000e+00 0.000000e+00)) ((7.804210e+00 -2.006598e+01 1.432228e+02) (-4.445826e-01 9.343892e-02 4.209582e+00) (0.000000e+00 0.000000e+00 0.000000e+00))
0.0002025     	((8.287568e-01 1.516092e+01 2.122140e+00) (6.335216e-03 4.280922e-01 -9.192577e-03) (0.000000e+00 0.000000e+00 0.000000e+00)) ((7.753723e+00 -2.000959e+01 1.431496e+02) (-4.442531e-01 9.317172e-02 4.208886e+00) (0.000000e+00 0.000000e+00 0.000000e+00))
0.000205      	((8.342018e-01 1.515896e+01 2.117283e+00) (6.361583e-03 4.280475e-01 -9.170443e-03) (0.000000e+00 0.000000e+00 0.000000e+00)) ((7.706537e+00 -1.995636e+01 1.430755e+02) (-4.439975e-01 9.297890e-02 4.208178e+00) (0.000000e+00 0.000000e+00 0.000000e+00))
0.0002075     	((8.396294e-01 1.515706e+01 2.112819e+00) (6.390690e-03 4.280054e-01 -9.154291e-03) (0.000000e+00 0.000000e+00 0.000000e+00)) ((7.663306e+00 -1.990712e+01 1.430020e+02) (-4.438038e-01 9.284712e-02 4.207466e+00) (0.000000e+00 0.000000e+00 0.000000e+00))
0.00021       	((8.449139e-01 1.515521e+01 2.108818e+00) (6.422074e-03 4.279651e-01 -9.143084e-03) (0.000000e+00 0.000000e+00 0.000000e+00)) ((7.624710e+00 -1.986266e+01 1.429305e+02) (-4.436612e-01 9.276580e-02 4.206751e+00) (0.000000e+00 0.000000e+00 0.000000e+00))
0.0002125     	((8.499854e-01 1.515343e+01 2.105285e+00) (6.453903e-03 4.279252e-01 -9.135352e-03) (0.000000e+00 0.000000e+00 0.000000e+00)) ((7.590779e+00 -1.982308e+01 1.428617e+02) (-4.435538e-01 9.271894e-02 4.206034e+00) (0.000000e+00 0.000000e+00 0.000000e+00))
0.000215      	((8.548122e-01 1.515174e+01 2.102201e+00) (6.486907e-03 4.278864e-01 -9.130439e-03) (0.000000e+00 0.000000e+00 0.000000e+00)) ((7.561273e+00 -1.978822e+01 1.427962e+02) (-4.434755e-01 9.270088e-02 4.205315e+00) (0.000000e+00 0.000000e+00 0.000000e+00))
0.0002175     	((8.594190e-01 1.515018e+01 2.099519e+00) (6.521112e-03 4.278483e-01 -9.127484e-03) (0.000000e+00 0.000000e+00 0.000000e+00)) ((7.535668e+00 -1.975760e+01 1.427342e+02) (-4.434178e-01 9.270276e-02 4.204591e+00) (0.000000e+00 0.000000e+00 0.000000e+00))
0.00022       	((8.638140e-01 1.514876e+01 2.097226e+00) (6.556455e-03 4.278107e-01 -9.126135e-03) (0.000000e+00 0.000000e+00 0.000000e+00)) ((7.513821e+00 -1.973110e+01 1.426756e+02) (-4.433771e-01 9.272097e-02 4.203860e+00) (0.000000e+00 0.000000e+00 0.000000e+00))
0.0002225     	((8.679864e-01 1.514749e+01 2.095269e+00) (6.592238e-03 4.277733e-01 -9.125193e-03) (0.000000e+00 0.000000e+00 0.000000e+00)) ((7.495201e+00 -1.970821e+01 1.426206e+02) (-4.433411e-01 9.274297e-02 4.203125e+00) (0.000000e+00 0.000000e+00 0.000000e+00))
0.000225      	((8.719042e-01 1.514633e+01 2.093620e+00) (6.626788e-03 4.277352e-01 -9.124429e-03) (0.000000e+00 0.000000e+00 0.000000e+00)) ((7.479535e+00 -1.968866e+01 1.425693e+02) (-4.433066e-01 9.276534e-02 4.202395e+00) (0.000000e+00 0.000000e+00 0.000000e+00))
0.0002275     	((8.755883e-01 1.514529e+01 2.092203e+00) (6.660616e-03 4.276973e-01 -9.123012e-03) (0.000000e+00 0.000000e+00 0.000000e+00)) ((7.466086e+00 -1.967170e+01 1.425214e+02) (-4.432658e-01 9.278010e-02 4.201673e+00) (0.000000e+00 0.000000e+00 0.000000e+00))
0.00023       	((8.790650e-01 1.514435e+01 2.090970e+00) (6.694026e-03 4.276601e-01 -9.121124e-03) (0.000000e+00 0.000000e+00 0.000000e+00)) ((7.454363e+00 -1.965679e+01 1.424766e+02) (-4.432209e-01 9.278942e-02 4.200963e+00) (0.000000e+00 0.000000e+00 0.000000e+00))
0.0002325     	((8.823625e-01 1.514354e+01 2.089861e+00) (6.726584e-03 4.276237e-01 -9.118172e-03) (0.000000e+00 0.000000e+00 0.000000e+00)) ((7.443759e+00 -1.964330e+01 1.424347e+02) (-4.431660e-01 9.278695e-02 4.200268e+00) (0.000000e+00 0.000000e+00 0.000000e+00))
0.000235      	((8.854778e-01 1.514282e+01 2.088864e+00) (6.758336e-03 4.275883e-01 -9.114411e-03) (0.000000e+00 0.000000e+00 0.000000e+00)) ((7.434195e+00 -1.963112e+01 1.423955e+02) (-4.431040e-01 9.277541e-02 4.199592e+00) (0.000000e+00 0.000000e+00 0.000000e+00))
0.0002375     	((8.884215e-01 1.514217e+01 2.087955e+00) (6.787564e-03 4.275532e-01 -9.109467e-03) (0.000000e+00 0.000000e+00 0.000000e+00)) ((7.425439e+00 -1.961996e+01 1.423587e+02) (-4.430304e-01 9.274966e-02 4.198943e+00) (0.000000e+00 0.000000e+00 0.000000e+00))
0.00024       	((8.912240e-01 1.514155e+01 2.087119e+00) (6.815148e-03 4.275196e-01 -9.103805e-03) (0.000000e+00 0.000000e+00 0.000000e+00)) ((7.417389e+00 -1.960968e+01 1.423237e+02) (-4.429507e-01 9.271523e-02 4.198325e+00) (0.000000e+00 0.000000e+00 0.000000e+00))
0.0002425     	((8.939392e-01 1.514096e+01 2.086297e+00) (6.841202e-03 4.274878e-01 -9.097126e-03) (0.000000e+00 0.000000e+00 0.000000e+00)) ((7.409458e+00 -1.959961e+01 1.422898e+02) (-4.428622e-01 9.266916e-02 4.197739e+00) (0.000000e+00 0.000000e+00 0.000000e+00))
0.000245      	((8.965826e-01 1.514040e+01 2.085471e+00) (6.866006e-03 4.274578e-01 -9.089900e-03) (0.000000e+00 0.000000e+00 0.000000e+00)) ((7.401470e+00 -1.958955e+01 1.422569e+02) (-4.427694e-01 9.261654e-02 4.197185e+00) (0.000000e+00 0.000000e+00 0.000000e+00))
0.0002475     	((8.991643e-01 1.513987e+01 2.084605e+00) (6.889736e-03 4.274294e-01 -9.081845e-03) (0.000000e+00 0.000000e+00 0.000000e+00)) ((7.393063e+00 -1.957912e+01 1.422249e+02) (-4.426694e-01 9.255455e-02 4.196659e+00) (0.000000e+00 0.000000e+00 0.000000e+00))
0.00025       	((9.016665e-01 1.513935e+01 2.083716e+00) (6.911311e-03 4.274020e-01 -9.073652e-03) (0.000000e+00 0.000000e+00 0.000000e+00)) ((7.384434e+00 -1.956851e+01 1.421939e+02) (-4.425686e-01 9.248947e-02 4.196164e+00) (0.000000e+00 0.000000e+00 0.000000e+00))
0.0002525     	((9.041075e-01 1.513884e+01 2.082788e+00) (6.931481e-03 4.273764e-01 -9.064986e-03) (0.000000e+00 0.000000e+00 0.000000e+00)) ((7.375419e+00 -1.955754e+01 1.421636e+02) (-4.424639e-01 9.241843e-02 4.195700e+00) (0.000000e+00 0.000000e+00 0.000000e+00))
0.000255      	((9.065049e-01 1.513834e+01 2.081835e+00) (6.950841e-03 4.273527e-01 -9.056541e-03) (0.000000e+00 0.000000e+00 0.000000e+00)) ((7.366151e+00 -1.954634e+01 1.421338e+02) (-4.423627e-01 9.234899e-02 4.195263e+00) (0.000000e+00 0.000000e+00 0.000000e+00))
0.0002575     	((9.088768e-01 1.513787e+01 2.080833e+00) (6.969401e-03 4.273305e-01 -9.048127e-03) (0.000000e+00 0.000000e+00 0.000000e+00)) ((7.356405e+00 -1.953464e+01 1.421046e+02) (-4.422624e-01 9.227915e-02 4.194851e+00) (0.000000e+00 0.000000e+00 0.000000e+00))
0.00026       	((9.111994e-01 1.513743e+01 2.079805e+00) (6.987658e-03 4.273099e-01 -9.040247e-03) (0.000000e+00 0.000000e+00 0.000000e+00)) ((7.346382e+00 -1.952270e+01 1.420763e+02) (-4.421684e-01 9.221448e-02 4.194458e+00) (0.000000e+00 0.000000e+00 0.000000e+00))
0.0002625     	((9.134638e-01 1.513701e+01 2.078744e+00) (7.004891e-03 4.272899e-01 -9.033367e-03) (0.000000e+00 0.000000e+00 0.000000e+00)) ((7.336023e+00 -1.951044e+01 1.420489e+02) (-4.420845e-01 9.215904e-02 4.194081e+00) (0.000000e+00 0.000000e+00 0.000000e+00))
0.000265      	((9.156312e-01 1.513663e+01 2.077684e+00) (7.021563e-03 4.272729e-01 -9.027700e-03) (0.000000e+00 0.000000e+00 0.000000e+00)) ((7.325666e+00 -1.949824e+01 1.420227e+02) (-4.420150e-01 9.211540e-02 4.193739e+00) (0.000000e+00 0.000000e+00 0.000000e+00))
0.0002675     	((9.176525e-01 1.513624e+01 2.076628e+00) (7.036593e-03 4.272597e-01 -9.021960e-03) (0.000000e+00 0.000000e+00 0.000000e+00)) ((7.315376e+00 -1.948618e+01 1.419981e+02) (-4.419481e-01 9.206960e-02 4.193452e+00) (0.000000e+00 0.000000e+00 0.000000e+00))
0.00027       	((9.194532e-01 1.513587e+01 2.075629e+00) (7.049584e-03 4.272496e-01 -9.016128e-03) (0.000000e+00 0.000000e+00 0.000000e+00)) ((7.305681e+00 -1.947485e+01 1.419758e+02) (-4.418825e-01 9.202122e-02 4.193217e+00) (0.000000e+00 0.000000e+00 0.000000e+00))
0.0002725     	((9.210145e-01 1.513551e+01 2.074696e+00) (7.060771e-03 4.272403e-01 -9.009549e-03) (0.000000e+00 0.000000e+00 0.000000e+00)) ((7.296672e+00 -1.946437e+01 1.419562e+02) (-4.418095e-01 9.196383e-02 4.193009e+00) (0.000000e+00 0.000000e+00 0.000000e+00))
0.000275      	((9.223525e-01 1.513518e+01 2.073864e+00) (7.070211e-03 4.272291e-01 -9.003630e-03) (0.000000e+00 0.000000e+00 0.000000e+00)) ((7.288660e+00 -1.945506e+01 1.419393e+02) (-4.417405e-01 9.191193e-02 4.192799e+00) (0.000000e+00 0.000000e+00 0.000000e+00))
0.0002775     	((9.235801e-01 1.513493e+01 2.073087e+00) (7.081153e-03 4.272158e-01 -8.999558e-03) (0.000000e+00 0.000000e+00 0.000000e+00)) ((7.281155e+00 -1.944636e+01 1.419242e+02) (-4.416873e-01 9.188024e-02 4.192554e+00) (0.000000e+00 0.000000e+00 0.000000e+00))
0.00028       	((9.247130e-01 1.513479e+01 2.072368e+00) (7.093154e-03 4.272027e-01 -8.997029e-03) (0.000000e+00 0.000000e+00 0.000000e+00)) ((7.274133e+00 -1.943826e+01 1.419112e+02) (-4.416493e-01 9.186538e-02 4.192300e+00) (0.000000e+00 0.000000e+00 0.000000e+00))
0.0002825     	((9.257279e-01 1.513478e+01 2.071683e+00) (7.105164e-03 4.271905e-01 -8.995030e-03) (0.000000e+00 0.000000e+00 0.000000e+00)) ((7.267332e+00 -1.943056e+01 1.419008e+02) (-4.416170e-01 9.185609e-02 4.192057e+00) (0.000000e+00 0.000000e+00 0.000000e+00))
0.000285      	((9.265820e-01 1.513491e+01 2.071056e+00) (7.117454e-03 4.271804e-01 -8.994198e-03) (0.000000e+00 0.000000e+00 0.000000e+00)) ((7.260981e+00 -1.942355e+01 1.418935e+02) (-4.415982e-01 9.185895e-02 4.191831e+00) (0.000000e+00 0.000000e+00 0.000000e+00))
0.0002875     	((9.272219e-01 1.513516e+01 2.070483e+00) (7.127103e-03 4.271724e-01 -8.993380e-03) (0.000000e+00 0.000000e+00 0.000000e+00)) ((7.255078e+00 -1.941722e+01 1.418894e+02) (-4.415814e-01 9.185979e-02 4.191653e+00) (0.000000e+00 0.000000e+00 0.000000e+00))
0.00029       	((9.275831e-01 1.513548e+01 2.069997e+00) (7.134106e-03 4.271672e-01 -8.992400e-03) (0.000000e+00 0.000000e+00 0.000000e+00)) ((7.249992e+00 -1.941200e+01 1.418890e+02) (-4.415655e-01 9.185687e-02 4.191529e+00) (0.000000e+00 0.000000e+00 0.000000e+00))
0.0002925     	((9.276682e-01 1.513584e+01 2.069575e+00) (7.138467e-03 4.271635e-01 -8.990473e-03) (0.000000e+00 0.000000e+00 0.000000e+00)) ((7.245517e+00 -1.940762e+01 1.418918e+02) (-4.415410e-01 9.184217e-02 4.191447e+00) (0.000000e+00 0.000000e+00 0.000000e+00))
0.000295      	((9.275196e-01 1.513624e+01 2.069225e+00) (7.141298e-03 4.271598e-01 -8.988324e-03) (0.000000e+00 0.000000e+00 0.000000e+00)) ((7.241739e+00 -1.940416e+01 1.418973e+02) (-4.415135e-01 9.182414e-02 4.191381e+00) (0.000000e+00 0.000000e+00 0.000000e+00))
0.0002975     	((9.272602e-01 1.513669e+01 2.068885e+00) (7.144819e-03 4.271547e-01 -8.986470e-03) (0.000000e+00 0.000000e+00 0.000000e+00)) ((7.238037e+00 -1.940086e+01 1.419045e+02) (-4.414871e-01 9.180982e-02 4.191295e+00) (0.000000e+00 0.000000e+00 0.000000e+00))
0.0003        	((9.269533e-01 1.513719e+01 2.068551e+00) (7.148536e-03 4.271483e-01 -8.985932e-03) (0.000000e+00 0.000000e+00 0.000000e+00)) ((7.234322e+00 -1.939763e+01 1.419127e+02) (-4.414723e-01 9.180933e-02 4.191194e+00) (0.000000e+00 0.000000e+00 0.000000e+00))
0.0003025     	((9.266163e-01 1.513777e+01 2.068184e+00) (7.151960e-03 4.271423e-01 -8.985326e-03) (0.000000e+00 0.000000e+00 0.000000e+00)) ((7.230216e+00 -1.939406e+01 1.419219e+02) (-4.414569e-01 9.180811e-02 4.191100e+00) (0.000000e+00 0.000000e+00 0.000000e+00))
0.000305      	((9.262230e-01 1.513840e+01 2.067809e+00) (7.155129e-03 4.271377e-01 -8.985204e-03) (0.000000e+00 0.000000e+00 0.000000e+00)) ((7.225954e+00 -1.939044e+01 1.419323e+02) (-4.414474e-01 9.181176e-02 4.191023e+00) (0.000000e+00 0.000000e+00 0.000000e+00))
0.0003075     	((9.257873e-01 1.513909e+01 2.067396e+00) (7.157823e-03 4.271349e-01 -8.985221e-03) (0.000000e+00 0.000000e+00 0.000000e+00)) ((7.221259e+00 -1.938645e+01 1.419437e+02) (-4.414407e-01 9.181641e-02 4.190967e+00) (0.000000e+00 0.000000e+00 0.000000e+00))
0.00031       	((9.252816e-01 1.513981e+01 2.066968e+00) (7.159845e-03 4.271347e-01 -8.985418e-03) (0.000000e+00 0.000000e+00 0.000000e+00)) ((7.216385e+00 -1.938235e+01 1.419560e+02) (-4.414385e-01 9.182228e-02 4.190946e+00) (0.000000e+00 0.000000e+00 0.000000e+00))
0.0003125     	((9.246902e-01 1.514051e+01 2.066504e+00) (7.159103e-03 4.271359e-01 -8.984942e-03) (0.000000e+00 0.000000e+00 0.000000e+00)) ((7.211174e+00 -1.937798e+01 1.419692e+02) (-4.414308e-01 9.181903e-02 4.190966e+00) (0.000000e+00 0.000000e+00 0.000000e+00))
0.000315      	((9.239905e-01 1.514118e+01 2.066040e+00) (7.156670e-03 4.271382e-01 -8.984248e-03) (0.000000e+00 0.000000e+00 0.000000e+00)) ((7.205985e+00 -1.937368e+01 1.419830e+02) (-4.414218e-01 9.181223e-02 4.191013e+00) (0.000000e+00 0.000000e+00 0.000000e+00))
0.0003175     	((9.232233e-01 1.514181e+01 2.065545e+00) (7.153239e-03 4.271401e-01 -8.982972e-03) (0.000000e+00 0.000000e+00 0.000000e+00)) ((7.200551e+00 -1.936914e+01 1.419971e+02) (-4.414062e-01 9.179873e-02 4.191067e+00) (0.000000e+00 0.000000e+00 0.000000e+00))
0.00032       	((9.224390e-01 1.514239e+01 2.065034e+00) (7.150261e-03 4.271410e-01 -8.982393e-03) (0.000000e+00 0.000000e+00 0.000000e+00)) ((7.194979e+00 -1.936444e+01 1.420110e+02) (-4.413965e-01 9.179280e-02 4.191107e+00) (0.000000e+00 0.000000e+00 0.000000e+00))
0.0003225     	((9.217269e-01 1.514296e+01 2.064457e+00) (7.149091e-03 4.271408e-01 -8.982640e-03) (0.000000e+00 0.000000e+00 0.000000e+00)) ((7.188780e+00 -1.935901e+01 1.420240e+02) (-4.413937e-01 9.179674e-02 4.191118e+00) (0.000000e+00 0.000000e+00 0.000000e+00))
0.000325      	((9.210785e-01 1.514353e+01 2.063843e+00) (7.147907e-03 4.271399e-01 -8.984016e-03) (0.000000e+00 0.000000e+00 0.000000e+00)) ((7.182190e+00 -1.935314e+01 1.420363e+02) (-4.414019e-01 9.181226e-02 4.191122e+00) (0.000000e+00 0.000000e+00 0.000000e+00))
0.0003275     	((9.204932e-01 1.514409e+01 2.063174e+00) (7.147018e-03 4.271397e-01 -8.985987e-03) (0.000000e+00 0.000000e+00 0.000000e+00)) ((7.175049e+00 -1.934666e+01 1.420480e+02) (-4.414167e-01 9.183397e-02 4.191129e+00) (0.000000e+00 0.000000e+00 0.000000e+00))
0.00033       	((9.199202e-01 1.514465e+01 2.062491e+00) (7.145932e-03 4.271417e-01 -8.988767e-03) (0.000000e+00 0.000000e+00 0.000000e+00)) ((7.167764e+00 -1.934002e+01 1.420594e+02) (-4.414422e-01 9.186360e-02 4.191161e+00) (0.000000e+00 0.000000e+00 0.000000e+00))
0.0003325     	((9.193265e-01 1.514517e+01 2.061787e+00) (7.143583e-03 4.271461e-01 -8.991068e-03) (0.000000e+00 0.000000e+00 0.000000e+00)) ((7.160311e+00 -1.933320e+01 1.420707e+02) (-4.414651e-01 9.188710e-02 4.191228e+00) (0.000000e+00 0.000000e+00 0.000000e+00))
0.000335      	((9.186670e-01 1.514562e+01 2.061107e+00) (7.140390e-03 4.271520e-01 -8.993162e-03) (0.000000e+00 0.000000e+00 0.000000e+00)) ((7.153168e+00 -1.932668e+01 1.420820e+02) (-4.414876e-01 9.190770e-02 4.191320e+00) (0.000000e+00 0.000000e+00 0.000000e+00))
0.0003375     	((9.179511e-01 1.514599e+01 2.060436e+00) (7.135273e-03 4.271567e-01 -8.994649e-03) (0.000000e+00 0.000000e+00 0.000000e+00)) ((7.146203e+00 -1.932032e+01 1.420931e+02) (-4.415029e-01 9.192048e-02 4.191419e+00) (0.000000e+00 0.000000e+00 0.000000e+00))
0.00034       	((9.172075e-01 1.514629e+01 2.059797e+00) (7.130301e-03 4.271597e-01 -8.996737e-03) (0.000000e+00 0.000000e+00 0.000000e+00)) ((7.139618e+00 -1.931430e+01 1.421038e+02) (-4.415224e-01 9.193951e-02 4.191500e+00) (0.000000e+00 0.000000e+00 0.000000e+00))
0.0003425     	((9.165280e-01 1.514656e+01 2.059141e+00) (7.126782e-03 4.271607e-01 -8.999664e-03) (0.000000e+00 0.000000e+00 0.000000e+00)) ((7.132898e+00 -1.930806e+01 1.421135e+02) (-4.415483e-01 9.196820e-02 4.191546e+00) (0.000000e+00 0.000000e+00 0.000000e+00))
0.000345      	((9.159429e-01 1.514682e+01 2.058483e+00) (7.124978e-03 4.271609e-01 -9.004007e-03) (0.000000e+00 0.000000e+00 0.000000e+00)) ((7.126151e+00 -1.930171e+01 1.421221e+02) (-4.415877e-01 9.201270e-02 4.191568e+00) (0.000000e+00 0.000000e+00 0.000000e+00))
0.0003475     	((9.154746e-01 1.514710e+01 2.057794e+00) (7.124588e-03 4.271614e-01 -9.008821e-03) (0.000000e+00 0.000000e+00 0.000000e+00)) ((7.119076e+00 -1.929495e+01 1.421298e+02) (-4.416322e-01 9.206297e-02 4.191578e+00) (0.000000e+00 0.000000e+00 0.000000e+00))
0.00035       	((9.150708e-01 1.514740e+01 2.057125e+00) (7.123731e-03 4.271628e-01 -9.014654e-03) (0.000000e+00 0.000000e+00 0.000000e+00)) ((7.112162e+00 -1.928833e+01 1.421370e+02) (-4.416882e-01 9.212306e-02 4.191601e+00) (0.000000e+00 0.000000e+00 0.000000e+00))
0.0003525     	((9.146860e-01 1.514770e+01 2.056470e+00) (7.121737e-03 4.271662e-01 -9.019904e-03) (0.000000e+00 0.000000e+00 0.000000e+00)) ((7.105387e+00 -1.928184e+01 1.421440e+02) (-4.417406e-01 9.217603e-02 4.191656e+00) (0.000000e+00 0.000000e+00 0.000000e+00))
0.000355      	((9.142553e-01 1.514796e+01 2.055883e+00) (7.118585e-03 4.271717e-01 -9.024860e-03) (0.000000e+00 0.000000e+00 0.000000e+00)) ((7.099333e+00 -1.927610e+01 1.421511e+02) (-4.417921e-01 9.222490e-02 4.191743e+00) (0.000000e+00 0.000000e+00 0.000000e+00))
0.0003575     	((9.137827e-01 1.514817e+01 2.055343e+00) (7.114175e-03 4.271773e-01 -9.028575e-03) (0.000000e+00 0.000000e+00 0.000000e+00)) ((7.093812e+00 -1.927089e+01 1.421580e+02) (-4.418313e-01 9.225996e-02 4.191844e+00) (0.000000e+00 0.000000e+00 0.000000e+00))
0.00036       	((9.132918e-01 1.514832e+01 2.054867e+00) (7.110102e-03 4.271818e-01 -9.032053e-03) (0.000000e+00 0.000000e+00 0.000000e+00)) ((7.088976e+00 -1.926635e+01 1.421647e+02) (-4.418668e-01 9.229288e-02 4.191931e+00) (0.000000e+00 0.000000e+00 0.000000e+00))
0.0003625     	((9.128674e-01 1.514845e+01 2.054410e+00) (7.106337e-03 4.271829e-01 -9.035632e-03) (0.000000e+00 0.000000e+00 0.000000e+00)) ((7.084359e+00 -1.926196e+01 1.421704e+02) (-4.419001e-01 9.232706e-02 4.191981e+00) (0.000000e+00 0.000000e+00 0.000000e+00))
0.000365      	((9.125579e-01 1.514860e+01 2.053981e+00) (7.104816e-03 4.271822e-01 -9.040787e-03) (0.000000e+00 0.000000e+00 0.000000e+00)) ((7.079992e+00 -1.925775e+01 1.421751e+02) (-4.419474e-01 9.237908e-02 4.191990e+00) (0.000000e+00 0.000000e+00 0.000000e+00))
0.0003675     	((9.123771e-01 1.514878e+01 2.053543e+00) (7.104355e-03 4.271813e-01 -9.045998e-03) (0.000000e+00 0.000000e+00 0.000000e+00)) ((7.075495e+00 -1.925334e+01 1.421788e+02) (-4.419951e-01 9.243242e-02 4.191986e+00) (0.000000e+00 0.000000e+00 0.000000e+00))
0.00037       	((9.122936e-01 1.514901e+01 2.053126e+00) (7.105036e-03 4.271814e-01 -9.052244e-03) (0.000000e+00 0.000000e+00 0.000000e+00)) ((7.071144e+00 -1.924906e+01 1.421820e+02) (-4.420544e-01 9.249705e-02 4.191982e+00) (0.000000e+00 0.000000e+00 0.000000e+00))
0.0003725     	((9.122832e-01 1.514927e+01 2.052705e+00) (7.105729e-03 4.271836e-01 -9.057771e-03) (0.000000e+00 0.000000e+00 0.000000e+00)) ((7.066721e+00 -1.924469e+01 1.421848e+02) (-4.421088e-01 9.255413e-02 4.191997e+00) (0.000000e+00 0.000000e+00 0.000000e+00))
0.000375      	((9.122562e-01 1.514953e+01 2.052341e+00) (7.104606e-03 4.271874e-01 -9.063045e-03) (0.000000e+00 0.000000e+00 0.000000e+00)) ((7.062857e+00 -1.924092e+01 1.421877e+02) (-4.421627e-01 9.260702e-02 4.192047e+00) (0.000000e+00 0.000000e+00 0.000000e+00))
0.0003775     	((9.121802e-01 1.514977e+01 2.052018e+00) (7.101852e-03 4.271921e-01 -9.066802e-03) (0.000000e+00 0.000000e+00 0.000000e+00)) ((7.059440e+00 -1.923762e+01 1.421909e+02) (-4.422022e-01 9.264301e-02 4.192121e+00) (0.000000e+00 0.000000e+00 0.000000e+00))
0.00038       	((9.120335e-01 1.514996e+01 2.051772e+00) (7.098574e-03 4.271963e-01 -9.070045e-03) (0.000000e+00 0.000000e+00 0.000000e+00)) ((7.056838e+00 -1.923518e+01 1.421943e+02) (-4.422360e-01 9.267339e-02 4.192197e+00) (0.000000e+00 0.000000e+00 0.000000e+00))
0.0003825     	((9.118847e-01 1.515011e+01 2.051552e+00) (7.095621e-03 4.271984e-01 -9.072461e-03) (0.000000e+00 0.000000e+00 0.000000e+00)) ((7.054532e+00 -1.923301e+01 1.421974e+02) (-4.422593e-01 9.269566e-02 4.192248e+00) (0.000000e+00 0.000000e+00 0.000000e+00))
0.000385      	((9.118043e-01 1.515026e+01 2.051355e+00) (7.095420e-03 4.271983e-01 -9.076104e-03) (0.000000e+00 0.000000e+00 0.000000e+00)) ((7.052450e+00 -1.923101e+01 1.421998e+02) (-4.422928e-01 9.273275e-02 4.192250e+00) (0.000000e+00 0.000000e+00 0.000000e+00))
0.0003875     	((9.118326e-01 1.515043e+01 2.051131e+00) (7.095800e-03 4.271962e-01 -9.079819e-03) (0.000000e+00 0.000000e+00 0.000000e+00)) ((7.050063e+00 -1.922862e+01 1.422012e+02) (-4.423252e-01 9.277112e-02 4.192226e+00) (0.000000e+00 0.000000e+00 0.000000e+00))
0.00039       	((9.119285e-01 1.515065e+01 2.050906e+00) (7.097247e-03 4.271943e-01 -9.084456e-03) (0.000000e+00 0.000000e+00 0.000000e+00)) ((7.047611e+00 -1.922618e+01 1.422025e+02) (-4.423674e-01 9.281973e-02 4.192193e+00) (0.000000e+00 0.000000e+00 0.000000e+00))
0.0003925     	((9.120678e-01 1.515091e+01 2.050656e+00) (7.098769e-03 4.271938e-01 -9.088783e-03) (0.000000e+00 0.000000e+00 0.000000e+00)) ((7.044855e+00 -1.922344e+01 1.422037e+02) (-4.424080e-01 9.286510e-02 4.192173e+00) (0.000000e+00 0.000000e+00 0.000000e+00))
0.000395      	((9.121868e-01 1.515119e+01 2.050427e+00) (7.099901e-03 4.271955e-01 -9.093051e-03) (0.000000e+00 0.000000e+00 0.000000e+00)) ((7.042285e+00 -1.922094e+01 1.422053e+02) (-4.424505e-01 9.290953e-02 4.192179e+00) (0.000000e+00 0.000000e+00 0.000000e+00))
0.0003975     	((9.122486e-01 1.515145e+01 2.050201e+00) (7.099773e-03 4.271992e-01 -9.095754e-03) (0.000000e+00 0.000000e+00 0.000000e+00)) ((7.039760e+00 -1.921851e+01 1.422073e+02) (-4.424793e-01 9.293685e-02 4.192217e+00) (0.000000e+00 0.000000e+00 0.000000e+00))
0.0004        	((9.122032e-01 1.515167e+01 2.050028e+00) (7.097709e-03 4.272027e-01 -9.097948e-03) (0.000000e+00 0.000000e+00 0.000000e+00)) ((7.037823e+00 -1.921674e+01 1.422100e+02) (-4.425030e-01 9.295750e-02 4.192272e+00) (0.000000e+00 0.000000e+00 0.000000e+00))
0.0004025     	((9.120900e-01 1.515184e+01 2.049870e+00) (7.094869e-03 4.272048e-01 -9.098920e-03) (0.000000e+00 0.000000e+00 0.000000e+00)) ((7.036082e+00 -1.921517e+01 1.422129e+02) (-4.425130e-01 9.296514e-02 4.192322e+00) (0.000000e+00 0.000000e+00 0.000000e+00))
0.000405      	((9.119536e-01 1.515197e+01 2.049740e+00) (7.093165e-03 4.272049e-01 -9.100503e-03) (0.000000e+00 0.000000e+00 0.000000e+00)) ((7.034650e+00 -1.921391e+01 1.422156e+02) (-4.425271e-01 9.298012e-02 4.192341e+00) (0.000000e+00 0.000000e+00 0.000000e+00))
0.0004075     	((9.118931e-01 1.515210e+01 2.049569e+00) (7.093380e-03 4.272030e-01 -9.102661e-03) (0.000000e+00 0.000000e+00 0.000000e+00)) ((7.032810e+00 -1.921216e+01 1.422176e+02) (-4.425450e-01 9.300253e-02 4.192321e+00) (0.000000e+00 0.000000e+00 0.000000e+00))
0.00041       	((9.118970e-01 1.515224e+01 2.049383e+00) (7.095301e-03 4.272012e-01 -9.105659e-03) (0.000000e+00 0.000000e+00 0.000000e+00)) ((7.030789e+00 -1.921020e+01 1.422190e+02) (-4.425716e-01 9.303497e-02 4.192284e+00) (0.000000e+00 0.000000e+00 0.000000e+00))
0.0004125     	((9.119571e-01 1.515242e+01 2.049150e+00) (7.096685e-03 4.271995e-01 -9.108715e-03) (0.000000e+00 0.000000e+00 0.000000e+00)) ((7.028277e+00 -1.920771e+01 1.422201e+02) (-4.425992e-01 9.306743e-02 4.192253e+00) (0.000000e+00 0.000000e+00 0.000000e+00))
0.000415      	((9.120145e-01 1.515260e+01 2.048923e+00) (7.097906e-03 4.271997e-01 -9.112193e-03) (0.000000e+00 0.000000e+00 0.000000e+00)) ((7.025799e+00 -1.920530e+01 1.422215e+02) (-4.426331e-01 9.310404e-02 4.192243e+00) (0.000000e+00 0.000000e+00 0.000000e+00))
0.0004175     	((9.120423e-01 1.515278e+01 2.048679e+00) (7.097846e-03 4.272016e-01 -9.114467e-03) (0.000000e+00 0.000000e+00 0.000000e+00)) ((7.023158e+00 -1.920273e+01 1.422230e+02) (-4.426568e-01 9.312723e-02 4.192263e+00) (0.000000e+00 0.000000e+00 0.000000e+00))
0.00042       	((9.119742e-01 1.515292e+01 2.048478e+00) (7.096580e-03 4.272051e-01 -9.116437e-03) (0.000000e+00 0.000000e+00 0.000000e+00)) ((7.020992e+00 -1.920069e+01 1.422251e+02) (-4.426790e-01 9.314631e-02 4.192310e+00) (0.000000e+00 0.000000e+00 0.000000e+00))
0.0004225     	((9.118401e-01 1.515300e+01 2.048283e+00) (7.094536e-03 4.272081e-01 -9.116834e-03) (0.000000e+00 0.000000e+00 0.000000e+00)) ((7.018947e+00 -1.919879e+01 1.422273e+02) (-4.426850e-01 9.314872e-02 4.192361e+00) (0.000000e+00 0.000000e+00 0.000000e+00))
0.000425      	((9.116614e-01 1.515305e+01 2.048131e+00) (7.092137e-03 4.272090e-01 -9.117691e-03) (0.000000e+00 0.000000e+00 0.000000e+00)) ((7.017382e+00 -1.919737e+01 1.422296e+02) (-4.426935e-01 9.315570e-02 4.192395e+00) (0.000000e+00 0.000000e+00 0.000000e+00))
0.0004275     	((9.115375e-01 1.515306e+01 2.047954e+00) (7.090880e-03 4.272076e-01 -9.118644e-03) (0.000000e+00 0.000000e+00 0.000000e+00)) ((7.015583e+00 -1.919563e+01 1.422311e+02) (-4.427006e-01 9.316459e-02 4.192393e+00) (0.000000e+00 0.000000e+00 0.000000e+00))
0.00043       	((9.114825e-01 1.515308e+01 2.047778e+00) (7.091541e-03 4.272051e-01 -9.121061e-03) (0.000000e+00 0.000000e+00 0.000000e+00)) ((7.013787e+00 -1.919385e+01 1.422319e+02) (-4.427215e-01 9.319005e-02 4.192363e+00) (0.000000e+00 0.000000e+00 0.000000e+00))
0.0004325     	((9.115112e-01 1.515312e+01 2.047555e+00) (7.092866e-03 4.272030e-01 -9.123569e-03) (0.000000e+00 0.000000e+00 0.000000e+00)) ((7.011500e+00 -1.919151e+01 1.422320e+02) (-4.427437e-01 9.321678e-02 4.192329e+00) (0.000000e+00 0.000000e+00 0.000000e+00))
0.000435      	((9.115738e-01 1.515319e+01 2.047338e+00) (7.095014e-03 4.272028e-01 -9.126756e-03) (0.000000e+00 0.000000e+00 0.000000e+00)) ((7.009237e+00 -1.918921e+01 1.422321e+02) (-4.427749e-01 9.325104e-02 4.192306e+00) (0.000000e+00 0.000000e+00 0.000000e+00))
0.0004375     	((9.116551e-01 1.515326e+01 2.047096e+00) (7.095422e-03 4.272033e-01 -9.128852e-03) (0.000000e+00 0.000000e+00 0.000000e+00)) ((7.006731e+00 -1.918665e+01 1.422320e+02) (-4.427960e-01 9.327269e-02 4.192307e+00) (0.000000e+00 0.000000e+00 0.000000e+00))
0.00044       	((9.116704e-01 1.515331e+01 2.046906e+00) (7.094665e-03 4.272055e-01 -9.130971e-03) (0.000000e+00 0.000000e+00 0.000000e+00)) ((7.004753e+00 -1.918467e+01 1.422324e+02) (-4.428192e-01 9.329356e-02 4.192336e+00) (0.000000e+00 0.000000e+00 0.000000e+00))
0.0004425     	((9.116284e-01 1.515334e+01 2.046730e+00) (7.092518e-03 4.272079e-01 -9.131522e-03) (0.000000e+00 0.000000e+00 0.000000e+00)) ((7.002964e+00 -1.918290e+01 1.422331e+02) (-4.428267e-01 9.329723e-02 4.192381e+00) (0.000000e+00 0.000000e+00 0.000000e+00))
0.000445      	((9.115275e-01 1.515332e+01 2.046617e+00) (7.090503e-03 4.272096e-01 -9.132328e-03) (0.000000e+00 0.000000e+00 0.000000e+00)) ((7.001832e+00 -1.918182e+01 1.422340e+02) (-4.428359e-01 9.330374e-02 4.192418e+00) (0.000000e+00 0.000000e+00 0.000000e+00))
0.0004475     	((9.114608e-01 1.515328e+01 2.046492e+00) (7.089461e-03 4.272092e-01 -9.132380e-03) (0.000000e+00 0.000000e+00 0.000000e+00)) ((7.000619e+00 -1.918059e+01 1.422343e+02) (-4.428355e-01 9.330337e-02 4.192426e+00) (0.000000e+00 0.000000e+00 0.000000e+00))
0.00045       	((9.114561e-01 1.515325e+01 2.046392e+00) (7.089759e-03 4.272067e-01 -9.134228e-03) (0.000000e+00 0.000000e+00 0.000000e+00)) ((6.999645e+00 -1.917956e+01 1.422340e+02) (-4.428511e-01 9.332251e-02 4.192398e+00) (0.000000e+00 0.000000e+00 0.000000e+00))
0.0004525     	((9.115486e-01 1.515323e+01 2.046253e+00) (7.090701e-03 4.272035e-01 -9.135955e-03) (0.000000e+00 0.000000e+00 0.000000e+00)) ((6.998259e+00 -1.917805e+01 1.422330e+02) (-4.428649e-01 9.334082e-02 4.192357e+00) (0.000000e+00 0.000000e+00 0.000000e+00))
0.000455      	((9.116804e-01 1.515325e+01 2.046136e+00) (7.092612e-03 4.272017e-01 -9.138969e-03) (0.000000e+00 0.000000e+00 0.000000e+00)) ((6.997050e+00 -1.917672e+01 1.422318e+02) (-4.428931e-01 9.337298e-02 4.192320e+00) (0.000000e+00 0.000000e+00 0.000000e+00))
0.0004575     	((9.118516e-01 1.515330e+01 2.045990e+00) (7.093927e-03 4.272012e-01 -9.140829e-03) (0.000000e+00 0.000000e+00 0.000000e+00)) ((6.995523e+00 -1.917506e+01 1.422305e+02) (-4.429112e-01 9.339279e-02 4.192302e+00) (0.000000e+00 0.000000e+00 0.000000e+00))
0.00046       	((9.119832e-01 1.515335e+01 2.045890e+00) (7.095099e-03 4.272027e-01 -9.142794e-03) (0.000000e+00 0.000000e+00 0.000000e+00)) ((6.994460e+00 -1.917392e+01 1.422297e+02) (-4.429324e-01 9.341355e-02 4.192305e+00) (0.000000e+00 0.000000e+00 0.000000e+00))
0.0004625     	((9.120686e-01 1.515338e+01 2.045797e+00) (7.093766e-03 4.272041e-01 -9.143028e-03) (0.000000e+00 0.000000e+00 0.000000e+00)) ((6.993482e+00 -1.917288e+01 1.422292e+02) (-4.429363e-01 9.341453e-02 4.192333e+00) (0.000000e+00 0.000000e+00 0.000000e+00))
0.000465      	((9.120749e-01 1.515339e+01 2.045780e+00) (7.092139e-03 4.272053e-01 -9.143591e-03) (0.000000e+00 0.000000e+00 0.000000e+00)) ((6.993285e+00 -1.917269e+01 1.422293e+02) (-4.429431e-01 9.341876e-02 4.192361e+00) (0.000000e+00 0.000000e+00 0.000000e+00))
0.0004675     	((9.120831e-01 1.515339e+01 2.045756e+00) (7.090527e-03 4.272048e-01 -9.143022e-03) (0.000000e+00 0.000000e+00 0.000000e+00)) ((6.993049e+00 -1.917242e+01 1.422291e+02) (-4.429367e-01 9.341149e-02 4.192372e+00) (0.000000e+00 0.000000e+00 0.000000e+00))
0.00047       	((9.121122e-01 1.515338e+01 2.045772e+00) (7.090738e-03 4.272029e-01 -9.143984e-03) (0.000000e+00 0.000000e+00 0.000000e+00)) ((6.993212e+00 -1.917255e+01 1.422287e+02) (-4.429442e-01 9.342147e-02 4.192352e+00) (0.000000e+00 0.000000e+00 0.000000e+00))
0.0004725     	((9.122333e-01 1.515338e+01 2.045736e+00) (7.092269e-03 4.272000e-01 -9.144478e-03) (0.000000e+00 0.000000e+00 0.000000e+00)) ((6.992841e+00 -1.917205e+01 1.422276e+02) (-4.429460e-01 9.342766e-02 4.192308e+00) (0.000000e+00 0.000000e+00 0.000000e+00))
0.000475      	((9.123876e-01 1.515342e+01 2.045725e+00) (7.094206e-03 4.271974e-01 -9.146686e-03) (0.000000e+00 0.000000e+00 0.000000e+00)) ((6.992679e+00 -1.917179e+01 1.422264e+02) (-4.429657e-01 9.345169e-02 4.192263e+00) (0.000000e+00 0.000000e+00 0.000000e+00))
0.0004775     	((9.125906e-01 1.515349e+01 2.045666e+00) (7.095537e-03 4.271958e-01 -9.147705e-03) (0.000000e+00 0.000000e+00 0.000000e+00)) ((6.992006e+00 -1.917098e+01 1.422250e+02) (-4.429744e-01 9.346298e-02 4.192233e+00) (0.000000e+00 0.000000e+00 0.000000e+00))
0.00048       	((9.127593e-01 1.515357e+01 2.045648e+00) (7.096863e-03 4.271960e-01 -9.149456e-03) (0.000000e+00 0.000000e+00 0.000000e+00)) ((6.991726e+00 -1.917063e+01 1.422241e+02) (-4.429923e-01 9.348184e-02 4.192221e+00) (0.000000e+00 0.000000e+00 0.000000e+00))
0.0004825     	((9.128940e-01 1.515364e+01 2.045606e+00) (7.096444e-03 4.271972e-01 -9.149212e-03) (0.000000e+00 0.000000e+00 0.000000e+00)) ((6.991214e+00 -1.917006e+01 1.422235e+02) (-4.429911e-01 9.347878e-02 4.192237e+00) (0.000000e+00 0.000000e+00 0.000000e+00))
0.000485      	((9.129322e-01 1.515370e+01 2.045634e+00) (7.096071e-03 4.271991e-01 -9.149360e-03) (0.000000e+00 0.000000e+00 0.000000e+00)) ((6.991424e+00 -1.917030e+01 1.422237e+02) (-4.429946e-01 9.347989e-02 4.192260e+00) (0.000000e+00 0.000000e+00 0.000000e+00))
0.0004875     	((9.129513e-01 1.515373e+01 2.045639e+00) (7.094166e-03 4.271991e-01 -9.147800e-03) (0.000000e+00 0.000000e+00 0.000000e+00)) ((6.991448e+00 -1.917032e+01 1.422238e+02) (-4.429789e-01 9.346237e-02 4.192279e+00) (0.000000e+00 0.000000e+00 0.000000e+00))
0.00049       	((9.129493e-01 1.515375e+01 2.045698e+00) (7.093638e-03 4.271978e-01 -9.147915e-03) (0.000000e+00 0.000000e+00 0.000000e+00)) ((6.992005e+00 -1.917090e+01 1.422240e+02) (-4.429787e-01 9.346327e-02 4.192272e+00) (0.000000e+00 0.000000e+00 0.000000e+00))
0.0004925     	((9.130280e-01 1.515377e+01 2.045689e+00) (7.093923e-03 4.271949e-01 -9.147306e-03) (0.000000e+00 0.000000e+00 0.000000e+00)) ((6.991897e+00 -1.917072e+01 1.422234e+02) (-4.429695e-01 9.345738e-02 4.192240e+00) (0.000000e+00 0.000000e+00 0.000000e+00))
0.000495      	((9.131272e-01 1.515380e+01 2.045708e+00) (7.095828e-03 4.271927e-01 -9.148928e-03) (0.000000e+00 0.000000e+00 0.000000e+00)) ((6.992028e+00 -1.917080e+01 1.422228e+02) (-4.429835e-01 9.347560e-02 4.192199e+00) (0.000000e+00 0.000000e+00 0.000000e+00))
0.0004975     	((9.132892e-01 1.515386e+01 2.045648e+00) (7.097687e-03 4.271913e-01 -9.149015e-03) (0.000000e+00 0.000000e+00 0.000000e+00)) ((6.991362e+00 -1.917002e+01 1.422217e+02) (-4.429830e-01 9.347796e-02 4.192167e+00) (0.000000e+00 0.000000e+00 0.000000e+00))
0.0005        	((9.134180e-01 1.515393e+01 2.045631e+00) (7.099050e-03 4.271912e-01 -9.150482e-03) (0.000000e+00 0.000000e+00 0.000000e+00)) ((6.991099e+00 -1.916971e+01 1.422211e+02) (-4.429978e-01 9.349415e-02 4.192152e+00) (0.000000e+00 0.000000e+00 0.000000e+00))
0.0005025     	((9.135385e-01 1.515400e+01 2.045560e+00) (7.098584e-03 4.271917e-01 -9.149705e-03) (0.000000e+00 0.000000e+00 0.000000e+00)) ((6.990314e+00 -1.916886e+01 1.422205e+02) (-4.429907e-01 9.348581e-02 4.192161e+00) (0.000000e+00 0.000000e+00 0.000000e+00))
0.000505      	((9.135560e-01 1.515404e+01 2.045565e+00) (7.097943e-03 4.271934e-01 -9.150104e-03) (0.000000e+00 0.000000e+00 0.000000e+00)) ((6.990304e+00 -1.916888e+01 1.422208e+02) (-4.429965e-01 9.348943e-02 4.192185e+00) (0.000000e+00 0.000000e+00 0.000000e+00))
0.0005075     	((9.135539e-01 1.515406e+01 2.045527e+00) (7.096166e-03 4.271942e-01 -9.148248e-03) (0.000000e+00 0.000000e+00 0.000000e+00)) ((6.989913e+00 -1.916849e+01 1.422211e+02) (-4.429786e-01 9.346906e-02 4.192210e+00) (0.000000e+00 0.000000e+00 0.000000e+00))
0.00051       	((9.135054e-01 1.515406e+01 2.045555e+00) (7.096065e-03 4.271945e-01 -9.148128e-03) (0.000000e+00 0.000000e+00 0.000000e+00)) ((6.990179e+00 -1.916880e+01 1.422215e+02) (-4.429775e-01 9.346799e-02 4.192215e+00) (0.000000e+00 0.000000e+00 0.000000e+00))
0.0005125     	((9.135242e-01 1.515405e+01 2.045512e+00) (7.095460e-03 4.271924e-01 -9.146765e-03) (0.000000e+00 0.000000e+00 0.000000e+00)) ((6.989767e+00 -1.916833e+01 1.422212e+02) (-4.429617e-01 9.345377e-02 4.192200e+00) (0.000000e+00 0.000000e+00 0.000000e+00))
0.000515      	((9.135580e-01 1.515404e+01 2.045510e+00) (7.096623e-03 4.271902e-01 -9.148044e-03) (0.000000e+00 0.000000e+00 0.000000e+00)) ((6.989744e+00 -1.916827e+01 1.422208e+02) (-4.429723e-01 9.346803e-02 4.192167e+00) (0.000000e+00 0.000000e+00 0.000000e+00))
0.0005175     	((9.136644e-01 1.515405e+01 2.045426e+00) (7.097550e-03 4.271883e-01 -9.147972e-03) (0.000000e+00 0.000000e+00 0.000000e+00)) ((6.988892e+00 -1.916730e+01 1.422198e+02) (-4.429697e-01 9.346809e-02 4.192139e+00) (0.000000e+00 0.000000e+00 0.000000e+00))
0.00052       	((9.137498e-01 1.515406e+01 2.045388e+00) (7.099241e-03 4.271883e-01 -9.149716e-03) (0.000000e+00 0.000000e+00 0.000000e+00)) ((6.988465e+00 -1.916682e+01 1.422191e+02) (-4.429872e-01 9.348741e-02 4.192122e+00) (0.000000e+00 0.000000e+00 0.000000e+00))
0.0005225     	((9.138537e-01 1.515409e+01 2.045281e+00) (7.099868e-03 4.271891e-01 -9.149049e-03) (0.000000e+00 0.000000e+00 0.000000e+00)) ((6.987378e+00 -1.916564e+01 1.422183e+02) (-4.429814e-01 9.348109e-02 4.192123e+00) (0.000000e+00 0.000000e+00 0.000000e+00))
0.000525      	((9.138676e-01 1.515409e+01 2.045254e+00) (7.099464e-03 4.271906e-01 -9.149767e-03) (0.000000e+00 0.000000e+00 0.000000e+00)) ((6.987079e+00 -1.916534e+01 1.422183e+02) (-4.429904e-01 9.348817e-02 4.192143e+00) (0.000000e+00 0.000000e+00 0.000000e+00))
0.0005275     	((9.138616e-01 1.515408e+01 2.045188e+00) (7.097563e-03 4.271915e-01 -9.148198e-03) (0.000000e+00 0.000000e+00 0.000000e+00)) ((6.986444e+00 -1.916468e+01 1.422182e+02) (-4.429756e-01 9.347059e-02 4.192170e+00) (0.000000e+00 0.000000e+00 0.000000e+00))
0.00053       	((9.137979e-01 1.515404e+01 2.045200e+00) (7.096718e-03 4.271920e-01 -9.148437e-03) (0.000000e+00 0.000000e+00 0.000000e+00)) ((6.986590e+00 -1.916486e+01 1.422185e+02) (-4.429785e-01 9.347249e-02 4.192184e+00) (0.000000e+00 0.000000e+00 0.000000e+00))
0.0005325     	((9.137877e-01 1.515399e+01 2.045150e+00) (7.095994e-03 4.271909e-01 -9.147186e-03) (0.000000e+00 0.000000e+00 0.000000e+00)) ((6.986148e+00 -1.916436e+01 1.422182e+02) (-4.429646e-01 9.345922e-02 4.192180e+00) (0.000000e+00 0.000000e+00 0.000000e+00))
0.000535      	((9.137952e-01 1.515395e+01 2.045147e+00) (7.097625e-03 4.271896e-01 -9.148301e-03) (0.000000e+00 0.000000e+00 0.000000e+00)) ((6.986152e+00 -1.916432e+01 1.422176e+02) (-4.429744e-01 9.347211e-02 4.192152e+00) (0.000000e+00 0.000000e+00 0.000000e+00))
0.0005375     	((9.138787e-01 1.515392e+01 2.045070e+00) (7.098247e-03 4.271875e-01 -9.148168e-03) (0.000000e+00 0.000000e+00 0.000000e+00)) ((6.985416e+00 -1.916346e+01 1.422165e+02) (-4.429711e-01 9.347123e-02 4.192125e+00) (0.000000e+00 0.000000e+00 0.000000e+00))
0.00054       	((9.139530e-01 1.515391e+01 2.045044e+00) (7.099700e-03 4.271868e-01 -9.150049e-03) (0.000000e+00 0.000000e+00 0.000000e+00)) ((6.985156e+00 -1.916312e+01 1.422156e+02) (-4.429893e-01 9.349167e-02 4.192103e+00) (0.000000e+00 0.000000e+00 0.000000e+00))
0.0005425     	((9.140598e-01 1.515390e+01 2.044955e+00) (7.100041e-03 4.271866e-01 -9.149844e-03) (0.000000e+00 0.000000e+00 0.000000e+00)) ((6.984272e+00 -1.916213e+01 1.422145e+02) (-4.429873e-01 9.348976e-02 4.192098e+00) (0.000000e+00 0.000000e+00 0.000000e+00))
0.000545      	((9.140957e-01 1.515389e+01 2.044939e+00) (7.100370e-03 4.271882e-01 -9.151031e-03) (0.000000e+00 0.000000e+00 0.000000e+00)) ((6.984108e+00 -1.916194e+01 1.422140e+02) (-4.430008e-01 9.350210e-02 4.192110e+00) (0.000000e+00 0.000000e+00 0.000000e+00))
0.0005475     	((9.141171e-01 1.515388e+01 2.044884e+00) (7.099591e-03 4.271896e-01 -9.149690e-03) (0.000000e+00 0.000000e+00 0.000000e+00)) ((6.983582e+00 -1.916136e+01 1.422137e+02) (-4.429888e-01 9.348761e-02 4.192132e+00) (0.000000e+00 0.000000e+00 0.000000e+00))
0.00055       	((9.140721e-01 1.515384e+01 2.044913e+00) (7.098685e-03 4.271903e-01 -9.149968e-03) (0.000000e+00 0.000000e+00 0.000000e+00)) ((6.983900e+00 -1.916171e+01 1.422138e+02) (-4.429924e-01 9.348976e-02 4.192148e+00) (0.000000e+00 0.000000e+00 0.000000e+00))
0.0005525     	((9.140651e-01 1.515380e+01 2.044893e+00) (7.097473e-03 4.271892e-01 -9.148599e-03) (0.000000e+00 0.000000e+00 0.000000e+00)) ((6.983754e+00 -1.916151e+01 1.422134e+02) (-4.429776e-01 9.347477e-02 4.192149e+00) (0.000000e+00 0.000000e+00 0.000000e+00))
0.000555      	((9.140649e-01 1.515375e+01 2.044929e+00) (7.098210e-03 4.271878e-01 -9.149655e-03) (0.000000e+00 0.000000e+00 0.000000e+00)) ((6.984154e+00 -1.916188e+01 1.422129e+02) (-4.429866e-01 9.348626e-02 4.192127e+00) (0.000000e+00 0.000000e+00 0.000000e+00))
0.0005575     	((9.141445e-01 1.515372e+01 2.044891e+00) (7.099003e-03 4.271857e-01 -9.149425e-03) (0.000000e+00 0.000000e+00 0.000000e+00)) ((6.983816e+00 -1.916143e+01 1.422119e+02) (-4.429822e-01 9.348448e-02 4.192099e+00) (0.000000e+00 0.000000e+00 0.000000e+00))
0.00056       	((9.142262e-01 1.515371e+01 2.044899e+00) (7.101302e-03 4.271852e-01 -9.151129e-03) (0.000000e+00 0.000000e+00 0.000000e+00)) ((6.983893e+00 -1.916144e+01 1.422109e+02) (-4.429988e-01 9.350372e-02 4.192071e+00) (0.000000e+00 0.000000e+00 0.000000e+00))
0.0005625     	((9.143474e-01 1.515372e+01 2.044843e+00) (7.101739e-03 4.271845e-01 -9.150844e-03) (0.000000e+00 0.000000e+00 0.000000e+00)) ((6.983325e+00 -1.916076e+01 1.422098e+02) (-4.429954e-01 9.350103e-02 4.192060e+00) (0.000000e+00 0.000000e+00 0.000000e+00))
0.000565      	((9.144092e-01 1.515374e+01 2.044856e+00) (7.102181e-03 4.271852e-01 -9.152027e-03) (0.000000e+00 0.000000e+00 0.000000e+00)) ((6.983433e+00 -1.916085e+01 1.422093e+02) (-4.430082e-01 9.351344e-02 4.192062e+00) (0.000000e+00 0.000000e+00 0.000000e+00))
0.0005675     	((9.144568e-01 1.515374e+01 2.044829e+00) (7.101127e-03 4.271860e-01 -9.150897e-03) (0.000000e+00 0.000000e+00 0.000000e+00)) ((6.983155e+00 -1.916053e+01 1.422089e+02) (-4.429978e-01 9.350085e-02 4.192081e+00) (0.000000e+00 0.000000e+00 0.000000e+00))
0.00057       	((9.144318e-01 1.515374e+01 2.044881e+00) (7.100635e-03 4.271872e-01 -9.151238e-03) (0.000000e+00 0.000000e+00 0.000000e+00)) ((6.983676e+00 -1.916109e+01 1.422091e+02) (-4.430023e-01 9.350393e-02 4.192097e+00) (0.000000e+00 0.000000e+00 0.000000e+00))
0.0005725     	((9.144318e-01 1.515372e+01 2.044880e+00) (7.100069e-03 4.271871e-01 -9.149558e-03) (0.000000e+00 0.000000e+00 0.000000e+00)) ((6.983698e+00 -1.916109e+01 1.422090e+02) (-4.429853e-01 9.348627e-02 4.192102e+00) (0.000000e+00 0.000000e+00 0.000000e+00))
0.000575      	((9.144228e-01 1.515371e+01 2.044941e+00) (7.100348e-03 4.271859e-01 -9.150139e-03) (0.000000e+00 0.000000e+00 0.000000e+00)) ((6.984313e+00 -1.916171e+01 1.422089e+02) (-4.429899e-01 9.349257e-02 4.192087e+00) (0.000000e+00 0.000000e+00 0.000000e+00))
0.0005775     	((9.144874e-01 1.515370e+01 2.044928e+00) (7.100605e-03 4.271836e-01 -9.149451e-03) (0.000000e+00 0.000000e+00 0.000000e+00)) ((6.984205e+00 -1.916152e+01 1.422081e+02) (-4.429807e-01 9.348574e-02 4.192062e+00) (0.000000e+00 0.000000e+00 0.000000e+00))
0.00058       	((9.145520e-01 1.515371e+01 2.044963e+00) (7.102185e-03 4.271824e-01 -9.151030e-03) (0.000000e+00 0.000000e+00 0.000000e+00)) ((6.984530e+00 -1.916181e+01 1.422075e+02) (-4.429953e-01 9.350320e-02 4.192034e+00) (0.000000e+00 0.000000e+00 0.000000e+00))
0.0005825     	((9.146627e-01 1.515373e+01 2.044923e+00) (7.102966e-03 4.271817e-01 -9.150720e-03) (0.000000e+00 0.000000e+00 0.000000e+00)) ((6.984110e+00 -1.916131e+01 1.422067e+02) (-4.429916e-01 9.350057e-02 4.192019e+00) (0.000000e+00 0.000000e+00 0.000000e+00))
0.000585      	((9.147267e-01 1.515377e+01 2.044941e+00) (7.104443e-03 4.271827e-01 -9.151772e-03) (0.000000e+00 0.000000e+00 0.000000e+00)) ((6.984239e+00 -1.916143e+01 1.422064e+02) (-4.430032e-01 9.351254e-02 4.192015e+00) (0.000000e+00 0.000000e+00 0.000000e+00))
0.0005875     	((9.147781e-01 1.515380e+01 2.044909e+00) (7.103480e-03 4.271834e-01 -9.150549e-03) (0.000000e+00 0.000000e+00 0.000000e+00)) ((6.983902e+00 -1.916107e+01 1.422061e+02) (-4.429918e-01 9.349917e-02 4.192031e+00) (0.000000e+00 0.000000e+00 0.000000e+00))
0.00059       	((9.147491e-01 1.515381e+01 2.044958e+00) (7.102748e-03 4.271845e-01 -9.150806e-03) (0.000000e+00 0.000000e+00 0.000000e+00)) ((6.984360e+00 -1.916159e+01 1.422066e+02) (-4.429955e-01 9.350125e-02 4.192049e+00) (0.000000e+00 0.000000e+00 0.000000e+00))
0.0005925     	((9.147293e-01 1.515381e+01 2.044955e+00) (7.101384e-03 4.271844e-01 -9.149136e-03) (0.000000e+00 0.000000e+00 0.000000e+00)) ((6.984346e+00 -1.916158e+01 1.422068e+02) (-4.429787e-01 9.348309e-02 4.192062e+00) (0.000000e+00 0.000000e+00 0.000000e+00))
0.000595      	((9.146871e-01 1.515380e+01 2.045012e+00) (7.101570e-03 4.271841e-01 -9.149578e-03) (0.000000e+00 0.000000e+00 0.000000e+00)) ((6.984920e+00 -1.916220e+01 1.422071e+02) (-4.429826e-01 9.348792e-02 4.192057e+00) (0.000000e+00 0.000000e+00 0.000000e+00))
0.0005975     	((9.147149e-01 1.515380e+01 2.044992e+00) (7.102250e-03 4.271826e-01 -9.148518e-03) (0.000000e+00 0.000000e+00 0.000000e+00)) ((6.984736e+00 -1.916197e+01 1.422068e+02) (-4.429704e-01 9.347771e-02 4.192036e+00) (0.000000e+00 0.000000e+00 0.000000e+00))
0.0006        	((9.147418e-01 1.515381e+01 2.045020e+00) (7.103443e-03 4.271814e-01 -9.149804e-03) (0.000000e+00 0.000000e+00 0.000000e+00)) ((6.984988e+00 -1.916222e+01 1.422066e+02) (-4.429821e-01 9.349194e-02 4.192012e+00) (0.000000e+00 0.000000e+00 0.000000e+00))
0.0006025     	((9.148179e-01 1.515383e+01 2.044972e+00) (7.103809e-03 4.271803e-01 -9.149390e-03) (0.000000e+00 0.000000e+00 0.000000e+00)) ((6.984497e+00 -1.916166e+01 1.422060e+02) (-4.429770e-01 9.348800e-02 4.191997e+00) (0.000000e+00 0.000000e+00 0.000000e+00))
0.000605      	((9.148553e-01 1.515385e+01 2.044979e+00) (7.104744e-03 4.271808e-01 -9.150664e-03) (0.000000e+00 0.000000e+00 0.000000e+00)) ((6.984527e+00 -1.916169e+01 1.422059e+02) (-4.429902e-01 9.350185e-02 4.191992e+00) (0.000000e+00 0.000000e+00 0.000000e+00))
0.0006075     	((9.148903e-01 1.515388e+01 2.044930e+00) (7.104187e-03 4.271816e-01 -9.149713e-03) (0.000000e+00 0.000000e+00 0.000000e+00)) ((6.984012e+00 -1.916116e+01 1.422058e+02) (-4.429816e-01 9.349161e-02 4.192006e+00) (0.000000e+00 0.000000e+00 0.000000e+00))
0.00061       	((9.148499e-01 1.515389e+01 2.044953e+00) (7.104277e-03 4.271835e-01 -9.150044e-03) (0.000000e+00 0.000000e+00 0.000000e+00)) ((6.984224e+00 -1.916143e+01 1.422063e+02) (-4.429868e-01 9.349511e-02 4.192024e+00) (0.000000e+00 0.000000e+00 0.000000e+00))
0.0006125     	((9.148116e-01 1.515388e+01 2.044928e+00) (7.102626e-03 4.271838e-01 -9.148347e-03) (0.000000e+00 0.000000e+00 0.000000e+00)) ((6.983994e+00 -1.916121e+01 1.422067e+02) (-4.429701e-01 9.347645e-02 4.192043e+00) (0.000000e+00 0.000000e+00 0.000000e+00))
0.000615      	((9.147397e-01 1.515386e+01 2.044970e+00) (7.102167e-03 4.271836e-01 -9.148696e-03) (0.000000e+00 0.000000e+00 0.000000e+00)) ((6.984427e+00 -1.916170e+01 1.422072e+02) (-4.429733e-01 9.347982e-02 4.192046e+00) (0.000000e+00 0.000000e+00 0.000000e+00))
0.0006175     	((9.147301e-01 1.515384e+01 2.044942e+00) (7.101822e-03 4.271822e-01 -9.147687e-03) (0.000000e+00 0.000000e+00 0.000000e+00)) ((6.984179e+00 -1.916143e+01 1.422071e+02) (-4.429617e-01 9.346931e-02 4.192036e+00) (0.000000e+00 0.000000e+00 0.000000e+00))
0.00062       	((9.147251e-01 1.515383e+01 2.044961e+00) (7.103045e-03 4.271813e-01 -9.149026e-03) (0.000000e+00 0.000000e+00 0.000000e+00)) ((6.984368e+00 -1.916162e+01 1.422070e+02) (-4.429741e-01 9.348411e-02 4.192014e+00) (0.000000e+00 0.000000e+00 0.000000e+00))
0.0006225     	((9.147808e-01 1.515383e+01 2.044901e+00) (7.104098e-03 4.271806e-01 -9.148603e-03) (0.000000e+00 0.000000e+00 0.000000e+00)) ((6.983779e+00 -1.916096e+01 1.422065e+02) (-4.429692e-01 9.348061e-02 4.191998e+00) (0.000000e+00 0.000000e+00 0.000000e+00))
0.000625      	((9.148084e-01 1.515384e+01 2.044897e+00) (7.104954e-03 4.271808e-01 -9.149962e-03) (0.000000e+00 0.000000e+00 0.000000e+00)) ((6.983714e+00 -1.916089e+01 1.422063e+02) (-4.429831e-01 9.349525e-02 4.191991e+00) (0.000000e+00 0.000000e+00 0.000000e+00))
0.0006275     	((9.148443e-01 1.515385e+01 2.044837e+00) (7.104279e-03 4.271812e-01 -9.149196e-03) (0.000000e+00 0.000000e+00 0.000000e+00)) ((6.983104e+00 -1.916024e+01 1.422060e+02) (-4.429759e-01 9.348680e-02 4.192001e+00) (0.000000e+00 0.000000e+00 0.000000e+00))
0.00063       	((9.148078e-01 1.515385e+01 2.044852e+00) (7.103886e-03 4.271827e-01 -9.149929e-03) (0.000000e+00 0.000000e+00 0.000000e+00)) ((6.983245e+00 -1.916043e+01 1.422064e+02) (-4.429848e-01 9.349397e-02 4.192020e+00) (0.000000e+00 0.000000e+00 0.000000e+00))
0.0006325     	((9.147736e-01 1.515384e+01 2.044819e+00) (7.102508e-03 4.271835e-01 -9.148526e-03) (0.000000e+00 0.000000e+00 0.000000e+00)) ((6.982945e+00 -1.916013e+01 1.422066e+02) (-4.429714e-01 9.347847e-02 4.192041e+00) (0.000000e+00 0.000000e+00 0.000000e+00))
0.000635      	((9.147025e-01 1.515381e+01 2.044855e+00) (7.102661e-03 4.271842e-01 -9.148852e-03) (0.000000e+00 0.000000e+00 0.000000e+00)) ((6.983320e+00 -1.916056e+01 1.422071e+02) (-4.429753e-01 9.348201e-02 4.192047e+00) (0.000000e+00 0.000000e+00 0.000000e+00))
0.0006375     	((9.146859e-01 1.515379e+01 2.044828e+00) (7.101916e-03 4.271830e-01 -9.147705e-03) (0.000000e+00 0.000000e+00 0.000000e+00)) ((6.983096e+00 -1.916030e+01 1.422070e+02) (-4.429625e-01 9.346973e-02 4.192043e+00) (0.000000e+00 0.000000e+00 0.000000e+00))
0.00064       	((9.146754e-01 1.515376e+01 2.044854e+00) (7.102679e-03 4.271817e-01 -9.148934e-03) (0.000000e+00 0.000000e+00 0.000000e+00)) ((6.983373e+00 -1.916058e+01 1.422069e+02) (-4.429736e-01 9.348303e-02 4.192023e+00) (0.000000e+00 0.000000e+00 0.000000e+00))
0.0006425     	((9.147270e-01 1.515375e+01 2.044807e+00) (7.103081e-03 4.271804e-01 -9.148700e-03) (0.000000e+00 0.000000e+00 0.000000e+00)) ((6.982917e+00 -1.916005e+01 1.422063e+02) (-4.429699e-01 9.348088e-02 4.192006e+00) (0.000000e+00 0.000000e+00 0.000000e+00))
0.000645      	((9.147603e-01 1.515376e+01 2.044813e+00) (7.104325e-03 4.271806e-01 -9.150299e-03) (0.000000e+00 0.000000e+00 0.000000e+00)) ((6.982957e+00 -1.916008e+01 1.422060e+02) (-4.429861e-01 9.349824e-02 4.191995e+00) (0.000000e+00 0.000000e+00 0.000000e+00))
0.0006475     	((9.148164e-01 1.515377e+01 2.044756e+00) (7.104691e-03 4.271813e-01 -9.149619e-03) (0.000000e+00 0.000000e+00 0.000000e+00)) ((6.982384e+00 -1.915945e+01 1.422055e+02) (-4.429800e-01 9.349145e-02 4.191998e+00) (0.000000e+00 0.000000e+00 0.000000e+00))
0.00065       	((9.148041e-01 1.515378e+01 2.044775e+00) (7.104400e-03 4.271826e-01 -9.150427e-03) (0.000000e+00 0.000000e+00 0.000000e+00)) ((6.982557e+00 -1.915966e+01 1.422057e+02) (-4.429895e-01 9.349945e-02 4.192013e+00) (0.000000e+00 0.000000e+00 0.000000e+00))
0.0006525     	((9.147894e-01 1.515377e+01 2.044750e+00) (7.102834e-03 4.271831e-01 -9.149079e-03) (0.000000e+00 0.000000e+00 0.000000e+00)) ((6.982324e+00 -1.915942e+01 1.422058e+02) (-4.429766e-01 9.348431e-02 4.192034e+00) (0.000000e+00 0.000000e+00 0.000000e+00))
0.000655      	((9.147267e-01 1.515376e+01 2.044799e+00) (7.102315e-03 4.271836e-01 -9.149549e-03) (0.000000e+00 0.000000e+00 0.000000e+00)) ((6.982827e+00 -1.915998e+01 1.422063e+02) (-4.429817e-01 9.348875e-02 4.192045e+00) (0.000000e+00 0.000000e+00 0.000000e+00))
0.0006575     	((9.147117e-01 1.515373e+01 2.044787e+00) (7.101681e-03 4.271828e-01 -9.148406e-03) (0.000000e+00 0.000000e+00 0.000000e+00)) ((6.982744e+00 -1.915987e+01 1.422062e+02) (-4.429693e-01 9.347654e-02 4.192043e+00) (0.000000e+00 0.000000e+00 0.000000e+00))
0.00066       	((9.147018e-01 1.515372e+01 2.044825e+00) (7.103081e-03 4.271822e-01 -9.149399e-03) (0.000000e+00 0.000000e+00 0.000000e+00)) ((6.983138e+00 -1.916027e+01 1.422062e+02) (-4.429785e-01 9.348792e-02 4.192024e+00) (0.000000e+00 0.000000e+00 0.000000e+00))
0.0006625     	((9.147555e-01 1.515372e+01 2.044792e+00) (7.103322e-03 4.271807e-01 -9.148956e-03) (0.000000e+00 0.000000e+00 0.000000e+00)) ((6.982818e+00 -1.915989e+01 1.422056e+02) (-4.429726e-01 9.348353e-02 4.192006e+00) (0.000000e+00 0.000000e+00 0.000000e+00))
0.000665      	((9.147944e-01 1.515373e+01 2.044813e+00) (7.104351e-03 4.271803e-01 -9.150479e-03) (0.000000e+00 0.000000e+00 0.000000e+00)) ((6.983001e+00 -1.916006e+01 1.422053e+02) (-4.429875e-01 9.349994e-02 4.191991e+00) (0.000000e+00 0.000000e+00 0.000000e+00))
0.0006675     	((9.148605e-01 1.515375e+01 2.044770e+00) (7.104320e-03 4.271802e-01 -9.149983e-03) (0.000000e+00 0.000000e+00 0.000000e+00)) ((6.982559e+00 -1.915957e+01 1.422048e+02) (-4.429826e-01 9.349474e-02 4.191991e+00) (0.000000e+00 0.000000e+00 0.000000e+00))
0.00067       	((9.148633e-01 1.515376e+01 2.044796e+00) (7.104539e-03 4.271816e-01 -9.150974e-03) (0.000000e+00 0.000000e+00 0.000000e+00)) ((6.982792e+00 -1.915983e+01 1.422050e+02) (-4.429938e-01 9.350501e-02 4.192002e+00) (0.000000e+00 0.000000e+00 0.000000e+00))
0.0006725     	((9.148644e-01 1.515378e+01 2.044772e+00) (7.103889e-03 4.271827e-01 -9.149576e-03) (0.000000e+00 0.000000e+00 0.000000e+00)) ((6.982549e+00 -1.915958e+01 1.422051e+02) (-4.429810e-01 9.349008e-02 4.192020e+00) (0.000000e+00 0.000000e+00 0.000000e+00))
0.000675      	((9.148082e-01 1.515377e+01 2.044823e+00) (7.103204e-03 4.271834e-01 -9.149886e-03) (0.000000e+00 0.000000e+00 0.000000e+00)) ((6.983059e+00 -1.916016e+01 1.422056e+02) (-4.429847e-01 9.349276e-02 4.192034e+00) (0.000000e+00 0.000000e+00 0.000000e+00))
0.0006775     	((9.147875e-01 1.515376e+01 2.044818e+00) (7.102085e-03 4.271826e-01 -9.148524e-03) (0.000000e+00 0.000000e+00 0.000000e+00)) ((6.983032e+00 -1.916012e+01 1.422057e+02) (-4.429702e-01 9.347794e-02 4.192037e+00) (0.000000e+00 0.000000e+00 0.000000e+00))
0.00068       	((9.147619e-01 1.515375e+01 2.044868e+00) (7.102640e-03 4.271817e-01 -9.149452e-03) (0.000000e+00 0.000000e+00 0.000000e+00)) ((6.983531e+00 -1.916065e+01 1.422059e+02) (-4.429786e-01 9.348800e-02 4.192023e+00) (0.000000e+00 0.000000e+00 0.000000e+00))
0.0006825     	((9.148024e-01 1.515375e+01 2.044841e+00) (7.103050e-03 4.271804e-01 -9.148937e-03) (0.000000e+00 0.000000e+00 0.000000e+00)) ((6.983277e+00 -1.916034e+01 1.422054e+02) (-4.429720e-01 9.348305e-02 4.192005e+00) (0.000000e+00 0.000000e+00 0.000000e+00))
0.000685      	((9.148346e-01 1.515376e+01 2.044863e+00) (7.104863e-03 4.271803e-01 -9.150297e-03) (0.000000e+00 0.000000e+00 0.000000e+00)) ((6.983466e+00 -1.916053e+01 1.422053e+02) (-4.429855e-01 9.349845e-02 4.191987e+00) (0.000000e+00 0.000000e+00 0.000000e+00))
0.0006875     	((9.149008e-01 1.515379e+01 2.044818e+00) (7.104840e-03 4.271800e-01 -9.149710e-03) (0.000000e+00 0.000000e+00 0.000000e+00)) ((6.982995e+00 -1.916001e+01 1.422048e+02) (-4.429794e-01 9.349238e-02 4.191984e+00) (0.000000e+00 0.000000e+00 0.000000e+00))
0.00069       	((9.149074e-01 1.515381e+01 2.044840e+00) (7.104934e-03 4.271809e-01 -9.150712e-03) (0.000000e+00 0.000000e+00 0.000000e+00)) ((6.983181e+00 -1.916022e+01 1.422050e+02) (-4.429905e-01 9.350270e-02 4.191991e+00) (0.000000e+00 0.000000e+00 0.000000e+00))
0.0006925     	((9.149090e-01 1.515382e+01 2.044811e+00) (7.103769e-03 4.271816e-01 -9.149523e-03) (0.000000e+00 0.000000e+00 0.000000e+00)) ((6.982885e+00 -1.915993e+01 1.422051e+02) (-4.429793e-01 9.348951e-02 4.192010e+00) (0.000000e+00 0.000000e+00 0.000000e+00))
0.000695      	((9.148499e-01 1.515382e+01 2.044855e+00) (7.103318e-03 4.271828e-01 -9.149934e-03) (0.000000e+00 0.000000e+00 0.000000e+00)) ((6.983318e+00 -1.916043e+01 1.422057e+02) (-4.429845e-01 9.349340e-02 4.192026e+00) (0.000000e+00 0.000000e+00 0.000000e+00))
0.0006975     	((9.148208e-01 1.515382e+01 2.044840e+00) (7.102794e-03 4.271829e-01 -9.148393e-03) (0.000000e+00 0.000000e+00 0.000000e+00)) ((6.983193e+00 -1.916031e+01 1.422059e+02) (-4.429691e-01 9.347724e-02 4.192033e+00) (0.000000e+00 0.000000e+00 0.000000e+00))
0.0007        	((9.147786e-01 1.515380e+01 2.044884e+00) (7.102956e-03 4.271822e-01 -9.149066e-03) (0.000000e+00 0.000000e+00 0.000000e+00)) ((6.983639e+00 -1.916079e+01 1.422062e+02) (-4.429751e-01 9.348440e-02 4.192025e+00) (0.000000e+00 0.000000e+00 0.000000e+00))
0.0007025     	((9.148021e-01 1.515380e+01 2.044855e+00) (7.102902e-03 4.271806e-01 -9.148362e-03) (0.000000e+00 0.000000e+00 0.000000e+00)) ((6.983367e+00 -1.916047e+01 1.422059e+02) (-4.429664e-01 9.347719e-02 4.192009e+00) (0.000000e+00 0.000000e+00 0.000000e+00))
0.000705      	((9.148180e-01 1.515380e+01 2.044876e+00) (7.104042e-03 4.271800e-01 -9.149841e-03) (0.000000e+00 0.000000e+00 0.000000e+00)) ((6.983561e+00 -1.916067e+01 1.422058e+02) (-4.429806e-01 9.349329e-02 4.191992e+00) (0.000000e+00 0.000000e+00 0.000000e+00))
0.0007075     	((9.148762e-01 1.515382e+01 2.044826e+00) (7.104356e-03 4.271797e-01 -9.149430e-03) (0.000000e+00 0.000000e+00 0.000000e+00)) ((6.983045e+00 -1.916010e+01 1.422054e+02) (-4.429762e-01 9.348928e-02 4.191986e+00) (0.000000e+00 0.000000e+00 0.000000e+00))
0.00071       	((9.148870e-01 1.515383e+01 2.044835e+00) (7.105407e-03 4.271810e-01 -9.150458e-03) (0.000000e+00 0.000000e+00 0.000000e+00)) ((6.983103e+00 -1.916018e+01 1.422054e+02) (-4.429878e-01 9.350065e-02 4.191988e+00) (0.000000e+00 0.000000e+00 0.000000e+00))
0.0007125     	((9.148948e-01 1.515385e+01 2.044793e+00) (7.104243e-03 4.271817e-01 -9.149302e-03) (0.000000e+00 0.000000e+00 0.000000e+00)) ((6.982684e+00 -1.915975e+01 1.422055e+02) (-4.429770e-01 9.348780e-02 4.192007e+00) (0.000000e+00 0.000000e+00 0.000000e+00))
0.000715      	((9.148389e-01 1.515384e+01 2.044828e+00) (7.103506e-03 4.271827e-01 -9.149745e-03) (0.000000e+00 0.000000e+00 0.000000e+00)) ((6.983025e+00 -1.916015e+01 1.422060e+02) (-4.429825e-01 9.349179e-02 4.192024e+00) (0.000000e+00 0.000000e+00 0.000000e+00))
0.0007175     	((9.148016e-01 1.515383e+01 2.044810e+00) (7.102229e-03 4.271827e-01 -9.148352e-03) (0.000000e+00 0.000000e+00 0.000000e+00)) ((6.982871e+00 -1.916001e+01 1.422063e+02) (-4.429684e-01 9.347651e-02 4.192036e+00) (0.000000e+00 0.000000e+00 0.000000e+00))
0.00072       	((9.147470e-01 1.515381e+01 2.044851e+00) (7.102449e-03 4.271825e-01 -9.149068e-03) (0.000000e+00 0.000000e+00 0.000000e+00)) ((6.983298e+00 -1.916047e+01 1.422066e+02) (-4.429752e-01 9.348413e-02 4.192032e+00) (0.000000e+00 0.000000e+00 0.000000e+00))
0.0007225     	((9.147615e-01 1.515379e+01 2.044818e+00) (7.103004e-03 4.271815e-01 -9.148201e-03) (0.000000e+00 0.000000e+00 0.000000e+00)) ((6.982994e+00 -1.916012e+01 1.422063e+02) (-4.429654e-01 9.347574e-02 4.192017e+00) (0.000000e+00 0.000000e+00 0.000000e+00))
0.000725      	((9.147711e-01 1.515379e+01 2.044837e+00) (7.103961e-03 4.271807e-01 -9.149566e-03) (0.000000e+00 0.000000e+00 0.000000e+00)) ((6.983178e+00 -1.916031e+01 1.422062e+02) (-4.429784e-01 9.349054e-02 4.192000e+00) (0.000000e+00 0.000000e+00 0.000000e+00))
0.0007275     	((9.148275e-01 1.515380e+01 2.044787e+00) (7.104033e-03 4.271799e-01 -9.149173e-03) (0.000000e+00 0.000000e+00 0.000000e+00)) ((6.982677e+00 -1.915975e+01 1.422057e+02) (-4.429737e-01 9.348651e-02 4.191991e+00) (0.000000e+00 0.000000e+00 0.000000e+00))
0.00073       	((9.148425e-01 1.515381e+01 2.044797e+00) (7.104644e-03 4.271805e-01 -9.150475e-03) (0.000000e+00 0.000000e+00 0.000000e+00)) ((6.982757e+00 -1.915984e+01 1.422057e+02) (-4.429875e-01 9.350032e-02 4.191991e+00) (0.000000e+00 0.000000e+00 0.000000e+00))
0.0007325     	((9.148608e-01 1.515382e+01 2.044754e+00) (7.103933e-03 4.271814e-01 -9.149579e-03) (0.000000e+00 0.000000e+00 0.000000e+00)) ((6.982317e+00 -1.915938e+01 1.422056e+02) (-4.429794e-01 9.349047e-02 4.192007e+00) (0.000000e+00 0.000000e+00 0.000000e+00))
0.000735      	((9.148174e-01 1.515382e+01 2.044782e+00) (7.104064e-03 4.271831e-01 -9.150048e-03) (0.000000e+00 0.000000e+00 0.000000e+00)) ((6.982595e+00 -1.915971e+01 1.422060e+02) (-4.429857e-01 9.349536e-02 4.192022e+00) (0.000000e+00 0.000000e+00 0.000000e+00))
0.0007375     	((9.147880e-01 1.515381e+01 2.044762e+00) (7.102602e-03 4.271831e-01 -9.148584e-03) (0.000000e+00 0.000000e+00 0.000000e+00)) ((6.982417e+00 -1.915953e+01 1.422062e+02) (-4.429711e-01 9.347918e-02 4.192037e+00) (0.000000e+00 0.000000e+00 0.000000e+00))
0.00074       	((9.147321e-01 1.515378e+01 2.044807e+00) (7.102362e-03 4.271828e-01 -9.149188e-03) (0.000000e+00 0.000000e+00 0.000000e+00)) ((6.982889e+00 -1.916005e+01 1.422065e+02) (-4.429768e-01 9.348528e-02 4.192037e+00) (0.000000e+00 0.000000e+00 0.000000e+00))
0.0007425     	((9.147379e-01 1.515377e+01 2.044785e+00) (7.102129e-03 4.271815e-01 -9.148372e-03) (0.000000e+00 0.000000e+00 0.000000e+00)) ((6.982691e+00 -1.915981e+01 1.422063e+02) (-4.429672e-01 9.347675e-02 4.192026e+00) (0.000000e+00 0.000000e+00 0.000000e+00))
0.000745      	((9.147439e-01 1.515376e+01 2.044813e+00) (7.103313e-03 4.271808e-01 -9.149776e-03) (0.000000e+00 0.000000e+00 0.000000e+00)) ((6.982969e+00 -1.916009e+01 1.422061e+02) (-4.429805e-01 9.349212e-02 4.192007e+00) (0.000000e+00 0.000000e+00 0.000000e+00))
0.0007475     	((9.148046e-01 1.515376e+01 2.044766e+00) (7.104233e-03 4.271804e-01 -9.149319e-03) (0.000000e+00 0.000000e+00 0.000000e+00)) ((6.982505e+00 -1.915956e+01 1.422056e+02) (-4.429755e-01 9.348810e-02 4.191994e+00) (0.000000e+00 0.000000e+00 0.000000e+00))
0.00075       	((9.148314e-01 1.515378e+01 2.044779e+00) (7.104900e-03 4.271807e-01 -9.150600e-03) (0.000000e+00 0.000000e+00 0.000000e+00)) ((6.982607e+00 -1.915966e+01 1.422055e+02) (-4.429888e-01 9.350175e-02 4.191990e+00) (0.000000e+00 0.000000e+00 0.000000e+00))
0.0007525     	((9.148646e-01 1.515379e+01 2.044738e+00) (7.104095e-03 4.271811e-01 -9.149762e-03) (0.000000e+00 0.000000e+00 0.000000e+00)) ((6.982193e+00 -1.915922e+01 1.422052e+02) (-4.429809e-01 9.349241e-02 4.192002e+00) (0.000000e+00 0.000000e+00 0.000000e+00))
0.000755      	((9.148335e-01 1.515379e+01 2.044771e+00) (7.103737e-03 4.271823e-01 -9.150464e-03) (0.000000e+00 0.000000e+00 0.000000e+00)) ((6.982510e+00 -1.915959e+01 1.422056e+02) (-4.429892e-01 9.349929e-02 4.192017e+00) (0.000000e+00 0.000000e+00 0.000000e+00))
0.0007575     	((9.148112e-01 1.515379e+01 2.044755e+00) (7.102550e-03 4.271828e-01 -9.149116e-03) (0.000000e+00 0.000000e+00 0.000000e+00)) ((6.982366e+00 -1.915945e+01 1.422058e+02) (-4.429761e-01 9.348448e-02 4.192034e+00) (0.000000e+00 0.000000e+00 0.000000e+00))
0.00076       	((9.147578e-01 1.515378e+01 2.044803e+00) (7.102965e-03 4.271833e-01 -9.149544e-03) (0.000000e+00 0.000000e+00 0.000000e+00)) ((6.982853e+00 -1.915998e+01 1.422062e+02) (-4.429808e-01 9.348928e-02 4.192035e+00) (0.000000e+00 0.000000e+00 0.000000e+00))
0.0007625     	((9.147592e-01 1.515376e+01 2.044786e+00) (7.102425e-03 4.271820e-01 -9.148485e-03) (0.000000e+00 0.000000e+00 0.000000e+00)) ((6.982710e+00 -1.915981e+01 1.422060e+02) (-4.429688e-01 9.347802e-02 4.192028e+00) (0.000000e+00 0.000000e+00 0.000000e+00))
0.000765      	((9.147607e-01 1.515375e+01 2.044820e+00) (7.103234e-03 4.271809e-01 -9.149710e-03) (0.000000e+00 0.000000e+00 0.000000e+00)) ((6.983056e+00 -1.916016e+01 1.422059e+02) (-4.429801e-01 9.349129e-02 4.192009e+00) (0.000000e+00 0.000000e+00 0.000000e+00))
0.0007675     	((9.148162e-01 1.515376e+01 2.044785e+00) (7.103551e-03 4.271799e-01 -9.149359e-03) (0.000000e+00 0.000000e+00 0.000000e+00)) ((6.982706e+00 -1.915975e+01 1.422054e+02) (-4.429755e-01 9.348790e-02 4.191995e+00) (0.000000e+00 0.000000e+00 0.000000e+00))
0.00077       	((9.148461e-01 1.515377e+01 2.044803e+00) (7.104635e-03 4.271802e-01 -9.150777e-03) (0.000000e+00 0.000000e+00 0.000000e+00)) ((6.982860e+00 -1.915990e+01 1.422052e+02) (-4.429900e-01 9.350328e-02 4.191987e+00) (0.000000e+00 0.000000e+00 0.000000e+00))
0.0007725     	((9.148920e-01 1.515379e+01 2.044760e+00) (7.104801e-03 4.271809e-01 -9.149923e-03) (0.000000e+00 0.000000e+00 0.000000e+00)) ((6.982412e+00 -1.915942e+01 1.422050e+02) (-4.429823e-01 9.349455e-02 4.191994e+00) (0.000000e+00 0.000000e+00 0.000000e+00))
0.000775      	((9.148721e-01 1.515380e+01 2.044789e+00) (7.104444e-03 4.271821e-01 -9.150588e-03) (0.000000e+00 0.000000e+00 0.000000e+00)) ((6.982680e+00 -1.915973e+01 1.422053e+02) (-4.429902e-01 9.350106e-02 4.192009e+00) (0.000000e+00 0.000000e+00 0.000000e+00))
0.0007775     	((9.148533e-01 1.515381e+01 2.044772e+00) (7.102962e-03 4.271825e-01 -9.149182e-03) (0.000000e+00 0.000000e+00 0.000000e+00)) ((6.982516e+00 -1.915958e+01 1.422055e+02) (-4.429765e-01 9.348544e-02 4.192027e+00) (0.000000e+00 0.000000e+00 0.000000e+00))
0.00078       	((9.147929e-01 1.515379e+01 2.044824e+00) (7.102622e-03 4.271828e-01 -9.149667e-03) (0.000000e+00 0.000000e+00 0.000000e+00)) ((6.983041e+00 -1.916016e+01 1.422060e+02) (-4.429816e-01 9.349021e-02 4.192033e+00) (0.000000e+00 0.000000e+00 0.000000e+00))
0.0007825     	((9.147833e-01 1.515378e+01 2.044810e+00) (7.102160e-03 4.271819e-01 -9.148574e-03) (0.000000e+00 0.000000e+00 0.000000e+00)) ((6.982934e+00 -1.916003e+01 1.422060e+02) (-4.429696e-01 9.347867e-02 4.192030e+00) (0.000000e+00 0.000000e+00 0.000000e+00))
0.000785      	((9.147761e-01 1.515377e+01 2.044844e+00) (7.103618e-03 4.271814e-01 -9.149579e-03) (0.000000e+00 0.000000e+00 0.000000e+00)) ((6.983274e+00 -1.916039e+01 1.422060e+02) (-4.429791e-01 9.349023e-02 4.192011e+00) (0.000000e+00 0.000000e+00 0.000000e+00))
0.0007875     	((9.148248e-01 1.515378e+01 2.044808e+00) (7.103775e-03 4.271802e-01 -9.149067e-03) (0.000000e+00 0.000000e+00 0.000000e+00)) ((6.982916e+00 -1.915997e+01 1.422055e+02) (-4.429728e-01 9.348509e-02 4.191996e+00) (0.000000e+00 0.000000e+00 0.000000e+00))
0.00079       	((9.148523e-01 1.515379e+01 2.044826e+00) (7.104625e-03 4.271800e-01 -9.150449e-03) (0.000000e+00 0.000000e+00 0.000000e+00)) ((6.983070e+00 -1.916013e+01 1.422054e+02) (-4.429866e-01 9.349995e-02 4.191986e+00) (0.000000e+00 0.000000e+00 0.000000e+00))
0.0007925     	((9.148993e-01 1.515381e+01 2.044783e+00) (7.104337e-03 4.271802e-01 -9.149805e-03) (0.000000e+00 0.000000e+00 0.000000e+00)) ((6.982621e+00 -1.915964e+01 1.422051e+02) (-4.429804e-01 9.349303e-02 4.191990e+00) (0.000000e+00 0.000000e+00 0.000000e+00))
0.000795      	((9.148839e-01 1.515382e+01 2.044807e+00) (7.104388e-03 4.271815e-01 -9.150662e-03) (0.000000e+00 0.000000e+00 0.000000e+00)) ((6.982837e+00 -1.915990e+01 1.422053e+02) (-4.429903e-01 9.350182e-02 4.192003e+00) (0.000000e+00 0.000000e+00 0.000000e+00))
0.0007975     	((9.148707e-01 1.515383e+01 2.044780e+00) (7.103715e-03 4.271826e-01 -9.149212e-03) (0.000000e+00 0.000000e+00 0.000000e+00)) ((6.982578e+00 -1.915964e+01 1.422055e+02) (-4.429768e-01 9.348639e-02 4.192021e+00) (0.000000e+00 0.000000e+00 0.000000e+00))
0.0008        	((9.148086e-01 1.515382e+01 2.044825e+00) (7.103142e-03 4.271830e-01 -9.149572e-03) (0.000000e+00 0.000000e+00 0.000000e+00)) ((6.983031e+00 -1.916016e+01 1.422061e+02) (-4.429809e-01 9.348969e-02 4.192031e+00) (0.000000e+00 0.000000e+00 0.000000e+00))
0.0008025     	((9.147887e-01 1.515380e+01 2.044810e+00) (7.102189e-03 4.271821e-01 -9.148329e-03) (0.000000e+00 0.000000e+00 0.000000e+00)) ((6.982905e+00 -1.916002e+01 1.422061e+02) (-4.429675e-01 9.347624e-02 4.192031e+00) (0.000000e+00 0.000000e+00 0.000000e+00))
0.000805      	((9.147656e-01 1.515379e+01 2.044848e+00) (7.102845e-03 4.271813e-01 -9.149369e-03) (0.000000e+00 0.000000e+00 0.000000e+00)) ((6.983289e+00 -1.916042e+01 1.422062e+02) (-4.429770e-01 9.348753e-02 4.192017e+00) (0.000000e+00 0.000000e+00 0.000000e+00))
0.0008075     	((9.148042e-01 1.515378e+01 2.044813e+00) (7.103218e-03 4.271802e-01 -9.148908e-03) (0.000000e+00 0.000000e+00 0.000000e+00)) ((6.982952e+00 -1.916003e+01 1.422058e+02) (-4.429712e-01 9.348308e-02 4.192002e+00) (0.000000e+00 0.000000e+00 0.000000e+00))
