# Forces      
# CofR        : (0.000000e+00 0.000000e+00 0.000000e+00)
# Time        forces(pressure viscous porous)	moments(pressure viscous porous)
2.5e-06       	((9.761493e-01 1.544793e+01 4.875426e-01) (5.005296e-04 4.531337e-01 4.923382e-03) (0.000000e+00 0.000000e+00 0.000000e+00)) ((-9.363431e+00 -3.859687e+00 1.444272e+02) (-3.846353e-01 -5.020630e-02 4.510433e+00) (0.000000e+00 0.000000e+00 0.000000e+00))
5e-06         	((2.184945e+00 6.631280e+01 -3.244276e-01) (5.991603e-03 6.173004e-01 -1.191649e-03) (0.000000e+00 0.000000e+00 0.000000e+00)) ((-6.300754e+01 4.967446e+00 6.395534e+02) (-5.356757e-01 1.592093e-02 6.094178e+00) (0.000000e+00 0.000000e+00 0.000000e+00))
7.5e-06       	((8.452670e-03 1.288667e+02 6.220829e+00) (1.491167e-02 5.972192e-01 -5.611029e-03) (0.000000e+00 0.000000e+00 0.000000e+00)) ((-6.101980e+01 -6.281990e+01 1.284909e+03) (-5.423054e-01 6.757280e-02 5.804612e+00) (0.000000e+00 0.000000e+00 0.000000e+00))
1e-05         	((1.687315e+00 8.876093e+01 -4.424241e-01) (1.159689e-02 5.129295e-01 -3.055177e-02) (0.000000e+00 0.000000e+00 0.000000e+00)) ((-8.338528e+01 5.710302e+00 8.682867e+02) (-7.079498e-01 3.101160e-01 4.998255e+00) (0.000000e+00 0.000000e+00 0.000000e+00))
1.25e-05      	((2.426463e+00 2.780006e+01 -6.213156e+00) (3.952258e-02 5.555167e-01 9.001239e-03) (0.000000e+00 0.000000e+00 0.000000e+00)) ((-7.971044e+01 6.448823e+01 2.533065e+02) (-3.639300e-01 -5.488135e-02 5.144003e+00) (0.000000e+00 0.000000e+00 0.000000e+00))
1.5e-05       	((1.229215e+00 7.542162e+00 -3.669405e+00) (3.763698e-02 4.929766e-01 3.707051e-03) (0.000000e+00 0.000000e+00 0.000000e+00)) ((-3.711131e+01 3.809524e+01 6.328443e+01) (-3.664053e-01 -2.677607e-03 4.539866e+00) (0.000000e+00 0.000000e+00 0.000000e+00))
1.75e-05      	((-1.052087e-01 1.210506e+01 1.494194e+00) (8.144404e-03 4.333102e-01 -1.219442e-03) (0.000000e+00 0.000000e+00 0.000000e+00)) ((6.281219e+00 -1.470823e+01 1.220609e+02) (-3.654741e-01 1.679876e-02 4.240215e+00) (0.000000e+00 0.000000e+00 0.000000e+00))
2e-05         	((-1.365070e-01 1.933024e+01 3.584666e+00) (3.636986e-03 4.169299e-01 -1.094828e-03) (0.000000e+00 0.000000e+00 0.000000e+00)) ((1.794684e+01 -3.561859e+01 1.943488e+02) (-3.526520e-01 1.113017e-02 4.122573e+00) (0.000000e+00 0.000000e+00 0.000000e+00))
2.25e-05      	((1.739304e-02 1.922080e+01 2.117584e+00) (2.724613e-03 4.046160e-01 -4.618605e-03) (0.000000e+00 0.000000e+00 0.000000e+00)) ((3.144857e+00 -2.086382e+01 1.917609e+02) (-3.760152e-01 4.547697e-02 4.009426e+00) (0.000000e+00 0.000000e+00 0.000000e+00))
2.5e-05       	((-2.391198e-01 1.368926e+01 -5.034759e-01) (3.823417e-03 3.979252e-01 -6.843719e-03) (0.000000e+00 0.000000e+00 0.000000e+00)) ((-1.686631e+01 5.007352e+00 1.392910e+02) (-3.901437e-01 6.881708e-02 3.931821e+00) (0.000000e+00 0.000000e+00 0.000000e+00))
2.75e-05      	((-5.350828e-01 9.452241e+00 -1.705779e+00) (4.587379e-03 3.861096e-01 -7.864243e-03) (0.000000e+00 0.000000e+00 0.000000e+00)) ((-2.404493e+01 1.670933e+01 1.000669e+02) (-3.869085e-01 7.968719e-02 3.806575e+00) (0.000000e+00 0.000000e+00 0.000000e+00))
3e-05         	((-4.345489e-01 9.723451e+00 -8.067233e-01) (5.609061e-03 3.757487e-01 -6.540678e-03) (0.000000e+00 0.000000e+00 0.000000e+00)) ((-1.524633e+01 7.859452e+00 1.017129e+02) (-3.626284e-01 6.758706e-02 3.693086e+00) (0.000000e+00 0.000000e+00 0.000000e+00))
3.25e-05      	((-1.376626e-02 1.250596e+01 9.215263e-01) (6.412416e-03 3.749829e-01 -2.660105e-03) (0.000000e+00 0.000000e+00 0.000000e+00)) ((-1.077353e+00 -8.942769e+00 1.251394e+02) (-3.235699e-01 2.974131e-02 3.677319e+00) (0.000000e+00 0.000000e+00 0.000000e+00))
3.5e-05       	((3.115905e-01 1.428921e+01 1.911547e+00) (6.571094e-03 3.741812e-01 -1.098060e-03) (0.000000e+00 0.000000e+00 0.000000e+00)) ((6.661181e+00 -1.848954e+01 1.395948e+02) (-3.084007e-01 1.429595e-02 3.667593e+00) (0.000000e+00 0.000000e+00 0.000000e+00))
3.75e-05      	((2.865245e-01 1.365551e+01 1.692195e+00) (6.270852e-03 3.720325e-01 -9.803864e-04) (0.000000e+00 0.000000e+00 0.000000e+00)) ((4.917962e+00 -1.633480e+01 1.335368e+02) (-3.063930e-01 1.272261e-02 3.649102e+00) (0.000000e+00 0.000000e+00 0.000000e+00))
4e-05         	((1.262502e-02 1.181583e+01 8.947663e-01) (5.851640e-03 3.671603e-01 -1.967973e-03) (0.000000e+00 0.000000e+00 0.000000e+00)) ((-1.201053e+00 -8.660677e+00 1.179899e+02) (-3.125060e-01 2.200743e-02 3.604722e+00) (0.000000e+00 0.000000e+00 0.000000e+00))
4.25e-05      	((-2.488659e-01 1.062184e+01 3.861267e-01) (5.669009e-03 3.610751e-01 -3.309238e-03) (0.000000e+00 0.000000e+00 0.000000e+00)) ((-5.006261e+00 -3.839335e+00 1.087434e+02) (-3.207464e-01 3.509820e-02 3.545881e+00) (0.000000e+00 0.000000e+00 0.000000e+00))
4.5e-05       	((-3.201801e-01 1.079102e+01 4.890042e-01) (5.828729e-03 3.562124e-01 -4.185018e-03) (0.000000e+00 0.000000e+00 0.000000e+00)) ((-4.100637e+00 -4.911889e+00 1.111392e+02) (-3.254280e-01 4.396018e-02 3.495761e+00) (0.000000e+00 0.000000e+00 0.000000e+00))
4.75e-05      	((-2.294237e-01 1.169485e+01 9.229730e-01) (6.005327e-03 3.542449e-01 -4.098514e-03) (0.000000e+00 0.000000e+00 0.000000e+00)) ((-6.919811e-01 -9.124386e+00 1.192045e+02) (-3.232729e-01 4.329047e-02 3.474293e+00) (0.000000e+00 0.000000e+00 0.000000e+00))
5e-05         	((-1.168182e-01 1.234160e+01 1.271667e+00) (6.031866e-03 3.541727e-01 -3.486263e-03) (0.000000e+00 0.000000e+00 0.000000e+00)) ((2.079786e+00 -1.247746e+01 1.244874e+02) (-3.177708e-01 3.723752e-02 3.473219e+00) (0.000000e+00 0.000000e+00 0.000000e+00))
5.25e-05      	((-7.276842e-02 1.233958e+01 1.361823e+00) (5.921576e-03 3.543092e-01 -3.015833e-03) (0.000000e+00 0.000000e+00 0.000000e+00)) ((2.920425e+00 -1.333743e+01 1.240090e+02) (-3.137898e-01 3.240514e-02 3.475619e+00) (0.000000e+00 0.000000e+00 0.000000e+00))
5.5e-05       	((-1.000197e-01 1.188721e+01 1.279083e+00) (5.700424e-03 3.536892e-01 -2.925488e-03) (0.000000e+00 0.000000e+00 0.000000e+00)) ((2.505653e+00 -1.255366e+01 1.197720e+02) (-3.128933e-01 3.123528e-02 3.471636e+00) (0.000000e+00 0.000000e+00 0.000000e+00))
5.75e-05      	((-1.586950e-01 1.142418e+01 1.171641e+00) (5.338386e-03 3.523056e-01 -3.111873e-03) (0.000000e+00 0.000000e+00 0.000000e+00)) ((1.874819e+00 -1.155620e+01 1.157484e+02) (-3.140130e-01 3.270174e-02 3.461455e+00) (0.000000e+00 0.000000e+00 0.000000e+00))
6e-05         	((-1.940651e-01 1.123034e+01 1.140805e+00) (5.024693e-03 3.507054e-01 -3.433169e-03) (0.000000e+00 0.000000e+00 0.000000e+00)) ((1.749144e+00 -1.129353e+01 1.141703e+02) (-3.162101e-01 3.557500e-02 3.448647e+00) (0.000000e+00 0.000000e+00 0.000000e+00))
6.25e-05      	((-1.880503e-01 1.128394e+01 1.184954e+00) (4.818742e-03 3.493965e-01 -3.737190e-03) (0.000000e+00 0.000000e+00 0.000000e+00)) ((2.125946e+00 -1.172969e+01 1.146381e+02) (-3.184846e-01 3.840654e-02 3.437675e+00) (0.000000e+00 0.000000e+00 0.000000e+00))
6.5e-05       	((-1.520405e-01 1.144703e+01 1.260439e+00) (4.626638e-03 3.485385e-01 -3.934519e-03) (0.000000e+00 0.000000e+00 0.000000e+00)) ((2.703653e+00 -1.244384e+01 1.158932e+02) (-3.200678e-01 4.021395e-02 3.431051e+00) (0.000000e+00 0.000000e+00 0.000000e+00))
6.75e-05      	((-1.086166e-01 1.156774e+01 1.327042e+00) (4.453287e-03 3.478860e-01 -4.059312e-03) (0.000000e+00 0.000000e+00 0.000000e+00)) ((3.232748e+00 -1.306157e+01 1.166521e+02) (-3.210616e-01 4.133424e-02 3.426288e+00) (0.000000e+00 0.000000e+00 0.000000e+00))
7e-05         	((-7.295344e-02 1.158263e+01 1.370634e+00) (4.280779e-03 3.471815e-01 -4.161289e-03) (0.000000e+00 0.000000e+00 0.000000e+00)) ((3.637199e+00 -1.345918e+01 1.164376e+02) (-3.217202e-01 4.223969e-02 3.421006e+00) (0.000000e+00 0.000000e+00 0.000000e+00))
7.25e-05      	((-4.921623e-02 1.152005e+01 1.397295e+00) (4.133781e-03 3.463003e-01 -4.286346e-03) (0.000000e+00 0.000000e+00 0.000000e+00)) ((3.950208e+00 -1.370050e+01 1.155751e+02) (-3.223795e-01 4.339580e-02 3.413730e+00) (0.000000e+00 0.000000e+00 0.000000e+00))
7.5e-05       	((-3.284278e-02 1.144428e+01 1.418879e+00) (3.971035e-03 3.455769e-01 -4.552228e-03) (0.000000e+00 0.000000e+00 0.000000e+00)) ((4.226277e+00 -1.389760e+01 1.146587e+02) (-3.246480e-01 4.591901e-02 3.408158e+00) (0.000000e+00 0.000000e+00 0.000000e+00))
7.75e-05      	((-1.470163e-02 1.140160e+01 1.441938e+00) (3.808851e-03 3.448022e-01 -4.862338e-03) (0.000000e+00 0.000000e+00 0.000000e+00)) ((4.485197e+00 -1.410496e+01 1.140577e+02) (-3.272922e-01 4.888255e-02 3.402085e+00) (0.000000e+00 0.000000e+00 0.000000e+00))
8e-05         	((9.443152e-03 1.140107e+01 1.470525e+00) (3.656229e-03 3.441061e-01 -5.186167e-03) (0.000000e+00 0.000000e+00 0.000000e+00)) ((4.759214e+00 -1.436007e+01 1.138179e+02) (-3.301369e-01 5.198562e-02 3.396707e+00) (0.000000e+00 0.000000e+00 0.000000e+00))
8.25e-05      	((3.780999e-02 1.142420e+01 1.504546e+00) (3.539453e-03 3.435613e-01 -5.497665e-03) (0.000000e+00 0.000000e+00 0.000000e+00)) ((5.066261e+00 -1.466529e+01 1.137719e+02) (-3.330178e-01 5.500333e-02 3.392499e+00) (0.000000e+00 0.000000e+00 0.000000e+00))
8.5e-05       	((6.956492e-02 1.144906e+01 1.540826e+00) (3.580475e-03 3.430508e-01 -5.850692e-03) (0.000000e+00 0.000000e+00 0.000000e+00)) ((5.396944e+00 -1.499187e+01 1.137080e+02) (-3.364168e-01 5.851387e-02 3.387055e+00) (0.000000e+00 0.000000e+00 0.000000e+00))
8.75e-05      	((1.030518e-01 1.146413e+01 1.574373e+00) (3.415268e-03 3.427344e-01 -6.009841e-03) (0.000000e+00 0.000000e+00 0.000000e+00)) ((5.712045e+00 -1.529201e+01 1.135276e+02) (-3.379471e-01 6.003387e-02 3.385637e+00) (0.000000e+00 0.000000e+00 0.000000e+00))
9e-05         	((1.385257e-01 1.146993e+01 1.600986e+00) (3.338262e-03 3.424464e-01 -6.186409e-03) (0.000000e+00 0.000000e+00 0.000000e+00)) ((5.967663e+00 -1.552314e+01 1.132330e+02) (-3.396824e-01 6.176746e-02 3.383609e+00) (0.000000e+00 0.000000e+00 0.000000e+00))
9.25e-05      	((1.768642e-01 1.147203e+01 1.618698e+00) (3.296012e-03 3.421484e-01 -6.366432e-03) (0.000000e+00 0.000000e+00 0.000000e+00)) ((6.137437e+00 -1.566447e+01 1.128711e+02) (-3.414620e-01 6.354309e-02 3.381134e+00) (0.000000e+00 0.000000e+00 0.000000e+00))
9.5e-05       	((2.185218e-01 1.147469e+01 1.628512e+00) (3.281522e-03 3.419238e-01 -6.540992e-03) (0.000000e+00 0.000000e+00 0.000000e+00)) ((6.226751e+00 -1.572512e+01 1.124798e+02) (-3.432424e-01 6.527422e-02 3.379105e+00) (0.000000e+00 0.000000e+00 0.000000e+00))
9.75e-05      	((2.624595e-01 1.147819e+01 1.632425e+00) (3.287356e-03 3.417448e-01 -6.697884e-03) (0.000000e+00 0.000000e+00 0.000000e+00)) ((6.254991e+00 -1.572546e+01 1.120730e+02) (-3.448883e-01 6.683524e-02 3.377326e+00) (0.000000e+00 0.000000e+00 0.000000e+00))
0.0001        	((3.079043e-01 1.148131e+01 1.632645e+00) (3.331155e-03 3.416316e-01 -6.850937e-03) (0.000000e+00 0.000000e+00 0.000000e+00)) ((6.245616e+00 -1.568817e+01 1.116466e+02) (-3.465487e-01 6.837895e-02 3.375818e+00) (0.000000e+00 0.000000e+00 0.000000e+00))
0.0001025     	((3.524638e-01 1.148290e+01 1.630445e+00) (3.386220e-03 3.415454e-01 -6.975811e-03) (0.000000e+00 0.000000e+00 0.000000e+00)) ((6.212704e+00 -1.562767e+01 1.112137e+02) (-3.479431e-01 6.965076e-02 3.374465e+00) (0.000000e+00 0.000000e+00 0.000000e+00))
0.000105      	((3.943837e-01 1.148301e+01 1.626534e+00) (3.456449e-03 3.414794e-01 -7.075124e-03) (0.000000e+00 0.000000e+00 0.000000e+00)) ((6.163748e+00 -1.555234e+01 1.107928e+02) (-3.490836e-01 7.068104e-02 3.373158e+00) (0.000000e+00 0.000000e+00 0.000000e+00))
0.0001075     	((4.324628e-01 1.148244e+01 1.621326e+00) (3.536120e-03 3.414113e-01 -7.156330e-03) (0.000000e+00 0.000000e+00 0.000000e+00)) ((6.102578e+00 -1.546726e+01 1.104043e+02) (-3.500245e-01 7.154297e-02 3.371732e+00) (0.000000e+00 0.000000e+00 0.000000e+00))
0.00011       	((4.661067e-01 1.148176e+01 1.615419e+00) (3.627117e-03 3.413081e-01 -7.225320e-03) (0.000000e+00 0.000000e+00 0.000000e+00)) ((6.035017e+00 -1.537879e+01 1.100596e+02) (-3.507989e-01 7.229754e-02 3.369837e+00) (0.000000e+00 0.000000e+00 0.000000e+00))
0.0001125     	((4.952329e-01 1.148114e+01 1.609640e+00) (3.737670e-03 3.411623e-01 -7.290840e-03) (0.000000e+00 0.000000e+00 0.000000e+00)) ((5.969560e+00 -1.529533e+01 1.097613e+02) (-3.514905e-01 7.303732e-02 3.367311e+00) (0.000000e+00 0.000000e+00 0.000000e+00))
0.000115      	((5.198188e-01 1.148001e+01 1.604795e+00) (3.861623e-03 3.409630e-01 -7.358837e-03) (0.000000e+00 0.000000e+00 0.000000e+00)) ((5.914919e+00 -1.522511e+01 1.095039e+02) (-3.521534e-01 7.381709e-02 3.364107e+00) (0.000000e+00 0.000000e+00 0.000000e+00))
0.0001175     	((5.398946e-01 1.147786e+01 1.601372e+00) (3.994080e-03 3.407109e-01 -7.430958e-03) (0.000000e+00 0.000000e+00 0.000000e+00)) ((5.876432e+00 -1.517315e+01 1.092817e+02) (-3.528068e-01 7.464671e-02 3.360283e+00) (0.000000e+00 0.000000e+00 0.000000e+00))
0.00012       	((5.554859e-01 1.147443e+01 1.599502e+00) (4.123041e-03 3.404195e-01 -7.502737e-03) (0.000000e+00 0.000000e+00 0.000000e+00)) ((5.855502e+00 -1.514092e+01 1.090918e+02) (-3.534198e-01 7.546972e-02 3.356095e+00) (0.000000e+00 0.000000e+00 0.000000e+00))
0.0001225     	((5.666979e-01 1.146982e+01 1.598966e+00) (4.242757e-03 3.401027e-01 -7.570473e-03) (0.000000e+00 0.000000e+00 0.000000e+00)) ((5.849703e+00 -1.512628e+01 1.089339e+02) (-3.539697e-01 7.624241e-02 3.351742e+00) (0.000000e+00 0.000000e+00 0.000000e+00))
0.000125      	((5.739731e-01 1.146462e+01 1.599402e+00) (4.350472e-03 3.397688e-01 -7.630841e-03) (0.000000e+00 0.000000e+00 0.000000e+00)) ((5.854747e+00 -1.512528e+01 1.088094e+02) (-3.544300e-01 7.692842e-02 3.347335e+00) (0.000000e+00 0.000000e+00 0.000000e+00))
0.0001275     	((5.783361e-01 1.145947e+01 1.600438e+00) (4.445029e-03 3.394228e-01 -7.682886e-03) (0.000000e+00 0.000000e+00 0.000000e+00)) ((5.866209e+00 -1.513330e+01 1.087142e+02) (-3.547954e-01 7.751581e-02 3.342939e+00) (0.000000e+00 0.000000e+00 0.000000e+00))
0.00013       	((5.809499e-01 1.145489e+01 1.601911e+00) (4.526821e-03 3.390747e-01 -7.724990e-03) (0.000000e+00 0.000000e+00 0.000000e+00)) ((5.881938e+00 -1.514753e+01 1.086418e+02) (-3.550572e-01 7.798844e-02 3.338647e+00) (0.000000e+00 0.000000e+00 0.000000e+00))
0.0001325     	((5.826284e-01 1.145107e+01 1.603791e+00) (4.595083e-03 3.387357e-01 -7.757915e-03) (0.000000e+00 0.000000e+00 0.000000e+00)) ((5.901448e+00 -1.516676e+01 1.085859e+02) (-3.552318e-01 7.835413e-02 3.334580e+00) (0.000000e+00 0.000000e+00 0.000000e+00))
0.000135      	((5.839651e-01 1.144793e+01 1.606211e+00) (4.652733e-03 3.384085e-01 -7.780885e-03) (0.000000e+00 0.000000e+00 0.000000e+00)) ((5.926088e+00 -1.519150e+01 1.085400e+02) (-3.553130e-01 7.860908e-02 3.330737e+00) (0.000000e+00 0.000000e+00 0.000000e+00))
0.0001375     	((5.848951e-01 1.144515e+01 1.609147e+00) (4.702086e-03 3.380976e-01 -7.795182e-03) (0.000000e+00 0.000000e+00 0.000000e+00)) ((5.955883e+00 -1.522140e+01 1.085014e+02) (-3.553160e-01 7.876954e-02 3.327141e+00) (0.000000e+00 0.000000e+00 0.000000e+00))
0.00014       	((5.852589e-01 1.144281e+01 1.612397e+00) (4.740820e-03 3.378059e-01 -7.802835e-03) (0.000000e+00 0.000000e+00 0.000000e+00)) ((5.988657e+00 -1.525443e+01 1.084730e+02) (-3.552631e-01 7.885569e-02 3.323842e+00) (0.000000e+00 0.000000e+00 0.000000e+00))
0.0001425     	((5.852753e-01 1.144118e+01 1.615515e+00) (4.768552e-03 3.375306e-01 -7.802984e-03) (0.000000e+00 0.000000e+00 0.000000e+00)) ((6.019551e+00 -1.528589e+01 1.084554e+02) (-3.551410e-01 7.885957e-02 3.320817e+00) (0.000000e+00 0.000000e+00 0.000000e+00))
0.000145      	((5.849401e-01 1.144064e+01 1.618361e+00) (4.790999e-03 3.372701e-01 -7.797714e-03) (0.000000e+00 0.000000e+00 0.000000e+00)) ((6.046745e+00 -1.531433e+01 1.084523e+02) (-3.549681e-01 7.880725e-02 3.317992e+00) (0.000000e+00 0.000000e+00 0.000000e+00))
0.0001475     	((5.843597e-01 1.144113e+01 1.620975e+00) (4.810105e-03 3.370235e-01 -7.789654e-03) (0.000000e+00 0.000000e+00 0.000000e+00)) ((6.070677e+00 -1.534016e+01 1.084621e+02) (-3.547715e-01 7.872635e-02 3.315338e+00) (0.000000e+00 0.000000e+00 0.000000e+00))
0.00015       	((5.837638e-01 1.144251e+01 1.623429e+00) (4.826566e-03 3.367919e-01 -7.778651e-03) (0.000000e+00 0.000000e+00 0.000000e+00)) ((6.092258e+00 -1.536403e+01 1.084808e+02) (-3.545508e-01 7.861642e-02 3.312861e+00) (0.000000e+00 0.000000e+00 0.000000e+00))
0.0001525     	((5.834902e-01 1.144454e+01 1.625680e+00) (4.839509e-03 3.365785e-01 -7.764819e-03) (0.000000e+00 0.000000e+00 0.000000e+00)) ((6.111300e+00 -1.538541e+01 1.085027e+02) (-3.543097e-01 7.847849e-02 3.310599e+00) (0.000000e+00 0.000000e+00 0.000000e+00))
0.000155      	((5.837822e-01 1.144697e+01 1.627654e+00) (4.850764e-03 3.363829e-01 -7.750028e-03) (0.000000e+00 0.000000e+00 0.000000e+00)) ((6.127274e+00 -1.540353e+01 1.085227e+02) (-3.540675e-01 7.833264e-02 3.308531e+00) (0.000000e+00 0.000000e+00 0.000000e+00))
0.0001575     	((5.847374e-01 1.144961e+01 1.629315e+00) (4.861093e-03 3.362015e-01 -7.736083e-03) (0.000000e+00 0.000000e+00 0.000000e+00)) ((6.140010e+00 -1.541813e+01 1.085379e+02) (-3.538408e-01 7.819661e-02 3.306614e+00) (0.000000e+00 0.000000e+00 0.000000e+00))
0.00016       	((5.863074e-01 1.145233e+01 1.630700e+00) (4.871572e-03 3.360332e-01 -7.720916e-03) (0.000000e+00 0.000000e+00 0.000000e+00)) ((6.149964e+00 -1.542967e+01 1.085474e+02) (-3.536074e-01 7.805025e-02 3.304824e+00) (0.000000e+00 0.000000e+00 0.000000e+00))
0.0001625     	((5.884035e-01 1.145504e+01 1.631882e+00) (4.881402e-03 3.358780e-01 -7.703591e-03) (0.000000e+00 0.000000e+00 0.000000e+00)) ((6.157976e+00 -1.543897e+01 1.085513e+02) (-3.533578e-01 7.788359e-02 3.303171e+00) (0.000000e+00 0.000000e+00 0.000000e+00))
0.000165      	((5.909730e-01 1.145771e+01 1.632925e+00) (4.892491e-03 3.357335e-01 -7.682170e-03) (0.000000e+00 0.000000e+00 0.000000e+00)) ((6.164681e+00 -1.544669e+01 1.085500e+02) (-3.530700e-01 7.767849e-02 3.301611e+00) (0.000000e+00 0.000000e+00 0.000000e+00))
0.0001675     	((5.939101e-01 1.146038e+01 1.633800e+00) (4.904195e-03 3.355989e-01 -7.655569e-03) (0.000000e+00 0.000000e+00 0.000000e+00)) ((6.169768e+00 -1.545260e+01 1.085449e+02) (-3.527333e-01 7.742289e-02 3.300144e+00) (0.000000e+00 0.000000e+00 0.000000e+00))
0.00017       	((5.970337e-01 1.146304e+01 1.634461e+00) (4.916303e-03 3.354735e-01 -7.624138e-03) (0.000000e+00 0.000000e+00 0.000000e+00)) ((6.172754e+00 -1.545637e+01 1.085379e+02) (-3.523511e-01 7.711995e-02 3.298764e+00) (0.000000e+00 0.000000e+00 0.000000e+00))
0.0001725     	((6.001887e-01 1.146560e+01 1.634822e+00) (4.927163e-03 3.353565e-01 -7.586939e-03) (0.000000e+00 0.000000e+00 0.000000e+00)) ((6.172826e+00 -1.545721e+01 1.085296e+02) (-3.519136e-01 7.675841e-02 3.297481e+00) (0.000000e+00 0.000000e+00 0.000000e+00))
0.000175      	((6.032700e-01 1.146794e+01 1.634815e+00) (4.937543e-03 3.352494e-01 -7.544305e-03) (0.000000e+00 0.000000e+00 0.000000e+00)) ((6.169411e+00 -1.545450e+01 1.085203e+02) (-3.514257e-01 7.634275e-02 3.296302e+00) (0.000000e+00 0.000000e+00 0.000000e+00))
0.0001775     	((6.063118e-01 1.146998e+01 1.634352e+00) (4.946883e-03 3.351519e-01 -7.496933e-03) (0.000000e+00 0.000000e+00 0.000000e+00)) ((6.161713e+00 -1.544726e+01 1.085085e+02) (-3.508945e-01 7.587951e-02 3.295231e+00) (0.000000e+00 0.000000e+00 0.000000e+00))
0.00018       	((6.093618e-01 1.147166e+01 1.633337e+00) (4.954858e-03 3.350627e-01 -7.446416e-03) (0.000000e+00 0.000000e+00 0.000000e+00)) ((6.148851e+00 -1.543447e+01 1.084934e+02) (-3.503349e-01 7.538439e-02 3.294257e+00) (0.000000e+00 0.000000e+00 0.000000e+00))
0.0001825     	((6.124580e-01 1.147296e+01 1.631664e+00) (4.960875e-03 3.349808e-01 -7.393710e-03) (0.000000e+00 0.000000e+00 0.000000e+00)) ((6.129771e+00 -1.541498e+01 1.084744e+02) (-3.497556e-01 7.486657e-02 3.293378e+00) (0.000000e+00 0.000000e+00 0.000000e+00))
0.000185      	((6.156169e-01 1.147389e+01 1.629301e+00) (4.965760e-03 3.349063e-01 -7.340828e-03) (0.000000e+00 0.000000e+00 0.000000e+00)) ((6.104194e+00 -1.538848e+01 1.084512e+02) (-3.491772e-01 7.434704e-02 3.292586e+00) (0.000000e+00 0.000000e+00 0.000000e+00))
0.0001875     	((6.188621e-01 1.147441e+01 1.626281e+00) (4.970795e-03 3.348392e-01 -7.289357e-03) (0.000000e+00 0.000000e+00 0.000000e+00)) ((6.072484e+00 -1.535529e+01 1.084235e+02) (-3.486164e-01 7.384257e-02 3.291867e+00) (0.000000e+00 0.000000e+00 0.000000e+00))
0.00019       	((6.222276e-01 1.147453e+01 1.622716e+00) (4.976778e-03 3.347793e-01 -7.241084e-03) (0.000000e+00 0.000000e+00 0.000000e+00)) ((6.035794e+00 -1.531653e+01 1.083907e+02) (-3.480913e-01 7.337148e-02 3.291212e+00) (0.000000e+00 0.000000e+00 0.000000e+00))
0.0001925     	((6.257537e-01 1.147426e+01 1.618740e+00) (4.984268e-03 3.347256e-01 -7.196714e-03) (0.000000e+00 0.000000e+00 0.000000e+00)) ((5.995485e+00 -1.527353e+01 1.083526e+02) (-3.476085e-01 7.294100e-02 3.290604e+00) (0.000000e+00 0.000000e+00 0.000000e+00))
0.000195      	((6.294194e-01 1.147367e+01 1.614525e+00) (4.993625e-03 3.346785e-01 -7.157031e-03) (0.000000e+00 0.000000e+00 0.000000e+00)) ((5.953220e+00 -1.522805e+01 1.083100e+02) (-3.471764e-01 7.255932e-02 3.290043e+00) (0.000000e+00 0.000000e+00 0.000000e+00))
0.0001975     	((6.331927e-01 1.147283e+01 1.610215e+00) (5.004440e-03 3.346372e-01 -7.122071e-03) (0.000000e+00 0.000000e+00 0.000000e+00)) ((5.910348e+00 -1.518155e+01 1.082638e+02) (-3.467950e-01 7.222619e-02 3.289526e+00) (0.000000e+00 0.000000e+00 0.000000e+00))
0.0002        	((6.370371e-01 1.147181e+01 1.605959e+00) (5.017378e-03 3.346006e-01 -7.092926e-03) (0.000000e+00 0.000000e+00 0.000000e+00)) ((5.868289e+00 -1.513560e+01 1.082151e+02) (-3.464750e-01 7.195256e-02 3.289034e+00) (0.000000e+00 0.000000e+00 0.000000e+00))
0.0002025     	((6.409165e-01 1.147067e+01 1.601859e+00) (5.032505e-03 3.345680e-01 -7.069325e-03) (0.000000e+00 0.000000e+00 0.000000e+00)) ((5.827970e+00 -1.509122e+01 1.081649e+02) (-3.462135e-01 7.173541e-02 3.288558e+00) (0.000000e+00 0.000000e+00 0.000000e+00))
0.000205      	((6.448189e-01 1.146950e+01 1.597999e+00) (5.051602e-03 3.345375e-01 -7.052281e-03) (0.000000e+00 0.000000e+00 0.000000e+00)) ((5.790145e+00 -1.504924e+01 1.081141e+02) (-3.460193e-01 7.158656e-02 3.288064e+00) (0.000000e+00 0.000000e+00 0.000000e+00))
0.0002075     	((6.486706e-01 1.146834e+01 1.594435e+00) (5.073863e-03 3.345084e-01 -7.040619e-03) (0.000000e+00 0.000000e+00 0.000000e+00)) ((5.755332e+00 -1.501029e+01 1.080638e+02) (-3.458800e-01 7.149358e-02 3.287551e+00) (0.000000e+00 0.000000e+00 0.000000e+00))
0.00021       	((6.523678e-01 1.146721e+01 1.591227e+00) (5.097678e-03 3.344801e-01 -7.033334e-03) (0.000000e+00 0.000000e+00 0.000000e+00)) ((5.724091e+00 -1.497506e+01 1.080154e+02) (-3.457852e-01 7.144505e-02 3.287030e+00) (0.000000e+00 0.000000e+00 0.000000e+00))
0.0002125     	((6.558580e-01 1.146612e+01 1.588386e+00) (5.121867e-03 3.344524e-01 -7.029000e-03) (0.000000e+00 0.000000e+00 0.000000e+00)) ((5.696517e+00 -1.494368e+01 1.079694e+02) (-3.457204e-01 7.142570e-02 3.286511e+00) (0.000000e+00 0.000000e+00 0.000000e+00))
0.000215      	((6.591459e-01 1.146508e+01 1.585898e+00) (5.146181e-03 3.344253e-01 -7.027068e-03) (0.000000e+00 0.000000e+00 0.000000e+00)) ((5.672434e+00 -1.491602e+01 1.079259e+02) (-3.456801e-01 7.142999e-02 3.285997e+00) (0.000000e+00 0.000000e+00 0.000000e+00))
0.0002175     	((6.622774e-01 1.146411e+01 1.583716e+00) (5.171250e-03 3.343982e-01 -7.026992e-03) (0.000000e+00 0.000000e+00 0.000000e+00)) ((5.651368e+00 -1.489157e+01 1.078846e+02) (-3.456588e-01 7.145280e-02 3.285475e+00) (0.000000e+00 0.000000e+00 0.000000e+00))
0.00022       	((6.652522e-01 1.146323e+01 1.581825e+00) (5.196561e-03 3.343716e-01 -7.028233e-03) (0.000000e+00 0.000000e+00 0.000000e+00)) ((5.633116e+00 -1.487019e+01 1.078458e+02) (-3.456513e-01 7.148848e-02 3.284955e+00) (0.000000e+00 0.000000e+00 0.000000e+00))
0.0002225     	((6.680747e-01 1.146245e+01 1.580190e+00) (5.221545e-03 3.343449e-01 -7.029962e-03) (0.000000e+00 0.000000e+00 0.000000e+00)) ((5.617345e+00 -1.485152e+01 1.078094e+02) (-3.456488e-01 7.152826e-02 3.284436e+00) (0.000000e+00 0.000000e+00 0.000000e+00))
0.000225      	((6.707310e-01 1.146175e+01 1.578803e+00) (5.246139e-03 3.343184e-01 -7.031927e-03) (0.000000e+00 0.000000e+00 0.000000e+00)) ((5.603970e+00 -1.483551e+01 1.077755e+02) (-3.456489e-01 7.156970e-02 3.283923e+00) (0.000000e+00 0.000000e+00 0.000000e+00))
0.0002275     	((6.732405e-01 1.146112e+01 1.577622e+00) (5.270274e-03 3.342920e-01 -7.033361e-03) (0.000000e+00 0.000000e+00 0.000000e+00)) ((5.592584e+00 -1.482170e+01 1.077437e+02) (-3.456438e-01 7.160502e-02 3.283416e+00) (0.000000e+00 0.000000e+00 0.000000e+00))
0.00023       	((6.756287e-01 1.146057e+01 1.576618e+00) (5.294003e-03 3.342660e-01 -7.034395e-03) (0.000000e+00 0.000000e+00 0.000000e+00)) ((5.582909e+00 -1.480981e+01 1.077139e+02) (-3.456350e-01 7.163569e-02 3.282916e+00) (0.000000e+00 0.000000e+00 0.000000e+00))
0.0002325     	((6.779216e-01 1.146009e+01 1.575751e+00) (5.317056e-03 3.342403e-01 -7.034546e-03) (0.000000e+00 0.000000e+00 0.000000e+00)) ((5.574527e+00 -1.479939e+01 1.076857e+02) (-3.456174e-01 7.165662e-02 3.282426e+00) (0.000000e+00 0.000000e+00 0.000000e+00))
0.000235      	((6.801213e-01 1.145971e+01 1.575015e+00) (5.339342e-03 3.342152e-01 -7.034050e-03) (0.000000e+00 0.000000e+00 0.000000e+00)) ((5.567378e+00 -1.479038e+01 1.076594e+02) (-3.455937e-01 7.167023e-02 3.281949e+00) (0.000000e+00 0.000000e+00 0.000000e+00))
0.0002375     	((6.822370e-01 1.145940e+01 1.574379e+00) (5.360556e-03 3.341907e-01 -7.032608e-03) (0.000000e+00 0.000000e+00 0.000000e+00)) ((5.561164e+00 -1.478245e+01 1.076346e+02) (-3.455610e-01 7.167324e-02 3.281488e+00) (0.000000e+00 0.000000e+00 0.000000e+00))
0.00024       	((6.842745e-01 1.145917e+01 1.573827e+00) (5.380827e-03 3.341670e-01 -7.030471e-03) (0.000000e+00 0.000000e+00 0.000000e+00)) ((5.555719e+00 -1.477544e+01 1.076113e+02) (-3.455218e-01 7.166842e-02 3.281045e+00) (0.000000e+00 0.000000e+00 0.000000e+00))
0.0002425     	((6.862561e-01 1.145900e+01 1.573318e+00) (5.400016e-03 3.341442e-01 -7.027403e-03) (0.000000e+00 0.000000e+00 0.000000e+00)) ((5.550648e+00 -1.476892e+01 1.075892e+02) (-3.454739e-01 7.165324e-02 3.280621e+00) (0.000000e+00 0.000000e+00 0.000000e+00))
0.000245      	((6.881784e-01 1.145890e+01 1.572847e+00) (5.418393e-03 3.341224e-01 -7.023841e-03) (0.000000e+00 0.000000e+00 0.000000e+00)) ((5.545898e+00 -1.476283e+01 1.075683e+02) (-3.454217e-01 7.163242e-02 3.280216e+00) (0.000000e+00 0.000000e+00 0.000000e+00))
0.0002475     	((6.900446e-01 1.145884e+01 1.572393e+00) (5.435750e-03 3.341015e-01 -7.019470e-03) (0.000000e+00 0.000000e+00 0.000000e+00)) ((5.541277e+00 -1.475695e+01 1.075486e+02) (-3.453619e-01 7.160256e-02 3.279830e+00) (0.000000e+00 0.000000e+00 0.000000e+00))
0.00025       	((6.918519e-01 1.145883e+01 1.571956e+00) (5.452185e-03 3.340817e-01 -7.014766e-03) (0.000000e+00 0.000000e+00 0.000000e+00)) ((5.536791e+00 -1.475128e+01 1.075297e+02) (-3.452994e-01 7.156864e-02 3.279463e+00) (0.000000e+00 0.000000e+00 0.000000e+00))
0.0002525     	((6.936165e-01 1.145884e+01 1.571507e+00) (5.467603e-03 3.340627e-01 -7.009472e-03) (0.000000e+00 0.000000e+00 0.000000e+00)) ((5.532175e+00 -1.474553e+01 1.075116e+02) (-3.452314e-01 7.152794e-02 3.279116e+00) (0.000000e+00 0.000000e+00 0.000000e+00))
0.000255      	((6.953635e-01 1.145887e+01 1.571036e+00) (5.483322e-03 3.340453e-01 -7.005206e-03) (0.000000e+00 0.000000e+00 0.000000e+00)) ((5.527323e+00 -1.473955e+01 1.074938e+02) (-3.451749e-01 7.149786e-02 3.278781e+00) (0.000000e+00 0.000000e+00 0.000000e+00))
0.0002575     	((6.970837e-01 1.145890e+01 1.570520e+00) (5.498271e-03 3.340311e-01 -7.000927e-03) (0.000000e+00 0.000000e+00 0.000000e+00)) ((5.522031e+00 -1.473313e+01 1.074763e+02) (-3.451213e-01 7.146697e-02 3.278486e+00) (0.000000e+00 0.000000e+00 0.000000e+00))
0.00026       	((6.986711e-01 1.145890e+01 1.569993e+00) (5.510549e-03 3.340205e-01 -6.995351e-03) (0.000000e+00 0.000000e+00 0.000000e+00)) ((5.516672e+00 -1.472671e+01 1.074599e+02) (-3.450576e-01 7.142085e-02 3.278253e+00) (0.000000e+00 0.000000e+00 0.000000e+00))
0.0002625     	((7.001050e-01 1.145886e+01 1.569454e+00) (5.521202e-03 3.340112e-01 -6.989290e-03) (0.000000e+00 0.000000e+00 0.000000e+00)) ((5.511245e+00 -1.472028e+01 1.074448e+02) (-3.449899e-01 7.136848e-02 3.278050e+00) (0.000000e+00 0.000000e+00 0.000000e+00))
0.000265      	((7.013965e-01 1.145878e+01 1.568916e+00) (5.531127e-03 3.340025e-01 -6.983572e-03) (0.000000e+00 0.000000e+00 0.000000e+00)) ((5.505879e+00 -1.471398e+01 1.074306e+02) (-3.449257e-01 7.131909e-02 3.277861e+00) (0.000000e+00 0.000000e+00 0.000000e+00))
0.0002675     	((7.025604e-01 1.145867e+01 1.568361e+00) (5.539943e-03 3.339940e-01 -6.977343e-03) (0.000000e+00 0.000000e+00 0.000000e+00)) ((5.500401e+00 -1.470760e+01 1.074176e+02) (-3.448558e-01 7.126380e-02 3.277684e+00) (0.000000e+00 0.000000e+00 0.000000e+00))
0.00027       	((7.036107e-01 1.145856e+01 1.567797e+00) (5.548741e-03 3.339848e-01 -6.971728e-03) (0.000000e+00 0.000000e+00 0.000000e+00)) ((5.494842e+00 -1.470120e+01 1.074057e+02) (-3.447910e-01 7.121499e-02 3.277501e+00) (0.000000e+00 0.000000e+00 0.000000e+00))
0.0002725     	((7.045815e-01 1.145848e+01 1.567201e+00) (5.558171e-03 3.339747e-01 -6.966988e-03) (0.000000e+00 0.000000e+00 0.000000e+00)) ((5.488947e+00 -1.469451e+01 1.073949e+02) (-3.447336e-01 7.117578e-02 3.277304e+00) (0.000000e+00 0.000000e+00 0.000000e+00))
0.000275      	((7.054677e-01 1.145846e+01 1.566587e+00) (5.568445e-03 3.339648e-01 -6.963831e-03) (0.000000e+00 0.000000e+00 0.000000e+00)) ((5.482817e+00 -1.468768e+01 1.073855e+02) (-3.446920e-01 7.115352e-02 3.277101e+00) (0.000000e+00 0.000000e+00 0.000000e+00))
0.0002775     	((7.062449e-01 1.145848e+01 1.565947e+00) (5.578440e-03 3.339567e-01 -6.961482e-03) (0.000000e+00 0.000000e+00 0.000000e+00)) ((5.476394e+00 -1.468065e+01 1.073778e+02) (-3.446601e-01 7.113926e-02 3.276917e+00) (0.000000e+00 0.000000e+00 0.000000e+00))
0.00028       	((7.068475e-01 1.145855e+01 1.565313e+00) (5.587123e-03 3.339515e-01 -6.959774e-03) (0.000000e+00 0.000000e+00 0.000000e+00)) ((5.469997e+00 -1.467379e+01 1.073723e+02) (-3.446374e-01 7.113044e-02 3.276777e+00) (0.000000e+00 0.000000e+00 0.000000e+00))
0.0002825     	((7.072186e-01 1.145862e+01 1.564696e+00) (5.593109e-03 3.339486e-01 -6.957370e-03) (0.000000e+00 0.000000e+00 0.000000e+00)) ((5.463783e+00 -1.466730e+01 1.073693e+02) (-3.446098e-01 7.111232e-02 3.276686e+00) (0.000000e+00 0.000000e+00 0.000000e+00))
0.000285      	((7.073548e-01 1.145870e+01 1.564125e+00) (5.597554e-03 3.339466e-01 -6.955443e-03) (0.000000e+00 0.000000e+00 0.000000e+00)) ((5.458051e+00 -1.466145e+01 1.073687e+02) (-3.445876e-01 7.109775e-02 3.276620e+00) (0.000000e+00 0.000000e+00 0.000000e+00))
0.0002875     	((7.072954e-01 1.145876e+01 1.563588e+00) (5.600294e-03 3.339442e-01 -6.953211e-03) (0.000000e+00 0.000000e+00 0.000000e+00)) ((5.452686e+00 -1.465608e+01 1.073700e+02) (-3.445615e-01 7.107871e-02 3.276567e+00) (0.000000e+00 0.000000e+00 0.000000e+00))
0.00029       	((7.070958e-01 1.145883e+01 1.563086e+00) (5.602606e-03 3.339405e-01 -6.951656e-03) (0.000000e+00 0.000000e+00 0.000000e+00)) ((5.447678e+00 -1.465117e+01 1.073727e+02) (-3.445406e-01 7.106634e-02 3.276507e+00) (0.000000e+00 0.000000e+00 0.000000e+00))
0.0002925     	((7.068440e-01 1.145892e+01 1.562586e+00) (5.605482e-03 3.339353e-01 -6.950898e-03) (0.000000e+00 0.000000e+00 0.000000e+00)) ((5.442661e+00 -1.464628e+01 1.073763e+02) (-3.445258e-01 7.106261e-02 3.276427e+00) (0.000000e+00 0.000000e+00 0.000000e+00))
0.000295      	((7.065818e-01 1.145908e+01 1.562089e+00) (5.609524e-03 3.339298e-01 -6.951735e-03) (0.000000e+00 0.000000e+00 0.000000e+00)) ((5.437623e+00 -1.464142e+01 1.073806e+02) (-3.445265e-01 7.107615e-02 3.276331e+00) (0.000000e+00 0.000000e+00 0.000000e+00))
0.0002975     	((7.063211e-01 1.145930e+01 1.561573e+00) (5.613745e-03 3.339254e-01 -6.953271e-03) (0.000000e+00 0.000000e+00 0.000000e+00)) ((5.432316e+00 -1.463632e+01 1.073856e+02) (-3.445353e-01 7.109689e-02 3.276244e+00) (0.000000e+00 0.000000e+00 0.000000e+00))
0.0003        	((7.060090e-01 1.145958e+01 1.561062e+00) (5.617009e-03 3.339238e-01 -6.955254e-03) (0.000000e+00 0.000000e+00 0.000000e+00)) ((5.427011e+00 -1.463131e+01 1.073916e+02) (-3.445514e-01 7.112131e-02 3.276196e+00) (0.000000e+00 0.000000e+00 0.000000e+00))
0.0003025     	((7.055941e-01 1.145987e+01 1.560557e+00) (5.617776e-03 3.339249e-01 -6.956141e-03) (0.000000e+00 0.000000e+00 0.000000e+00)) ((5.421767e+00 -1.462645e+01 1.073987e+02) (-3.445589e-01 7.113245e-02 3.276199e+00) (0.000000e+00 0.000000e+00 0.000000e+00))
0.000305      	((7.050653e-01 1.146014e+01 1.560090e+00) (5.616943e-03 3.339272e-01 -6.956941e-03) (0.000000e+00 0.000000e+00 0.000000e+00)) ((5.416909e+00 -1.462207e+01 1.074069e+02) (-3.445667e-01 7.114128e-02 3.276230e+00) (0.000000e+00 0.000000e+00 0.000000e+00))
0.0003075     	((7.044636e-01 1.146039e+01 1.559639e+00) (5.614565e-03 3.339292e-01 -6.956897e-03) (0.000000e+00 0.000000e+00 0.000000e+00)) ((5.412251e+00 -1.461792e+01 1.074156e+02) (-3.445654e-01 7.114023e-02 3.276274e+00) (0.000000e+00 0.000000e+00 0.000000e+00))
0.00031       	((7.038353e-01 1.146061e+01 1.559211e+00) (5.611956e-03 3.339299e-01 -6.957026e-03) (0.000000e+00 0.000000e+00 0.000000e+00)) ((5.407848e+00 -1.461402e+01 1.074242e+02) (-3.445641e-01 7.114082e-02 3.276308e+00) (0.000000e+00 0.000000e+00 0.000000e+00))
0.0003125     	((7.032656e-01 1.146084e+01 1.558766e+00) (5.610309e-03 3.339285e-01 -6.957614e-03) (0.000000e+00 0.000000e+00 0.000000e+00)) ((5.403267e+00 -1.460989e+01 1.074324e+02) (-3.445652e-01 7.114691e-02 3.276311e+00) (0.000000e+00 0.000000e+00 0.000000e+00))
0.000315      	((7.027901e-01 1.146110e+01 1.558308e+00) (5.610287e-03 3.339260e-01 -6.959552e-03) (0.000000e+00 0.000000e+00 0.000000e+00)) ((5.398525e+00 -1.460555e+01 1.074398e+02) (-3.445787e-01 7.116813e-02 3.276287e+00) (0.000000e+00 0.000000e+00 0.000000e+00))
0.0003175     	((7.024305e-01 1.146140e+01 1.557812e+00) (5.611310e-03 3.339237e-01 -6.962275e-03) (0.000000e+00 0.000000e+00 0.000000e+00)) ((5.393336e+00 -1.460070e+01 1.074466e+02) (-3.446002e-01 7.119808e-02 3.276254e+00) (0.000000e+00 0.000000e+00 0.000000e+00))
0.00032       	((7.021358e-01 1.146175e+01 1.557306e+00) (5.612382e-03 3.339235e-01 -6.965728e-03) (0.000000e+00 0.000000e+00 0.000000e+00)) ((5.388004e+00 -1.459570e+01 1.074531e+02) (-3.446315e-01 7.123539e-02 3.276242e+00) (0.000000e+00 0.000000e+00 0.000000e+00))
0.0003225     	((7.018464e-01 1.146211e+01 1.556793e+00) (5.611776e-03 3.339259e-01 -6.968279e-03) (0.000000e+00 0.000000e+00 0.000000e+00)) ((5.382584e+00 -1.459062e+01 1.074596e+02) (-3.446564e-01 7.126195e-02 3.276272e+00) (0.000000e+00 0.000000e+00 0.000000e+00))
0.000325      	((7.014974e-01 1.146244e+01 1.556311e+00) (5.609527e-03 3.339299e-01 -6.970387e-03) (0.000000e+00 0.000000e+00 0.000000e+00)) ((5.377509e+00 -1.458593e+01 1.074665e+02) (-3.446784e-01 7.128257e-02 3.276334e+00) (0.000000e+00 0.000000e+00 0.000000e+00))
0.0003275     	((7.011012e-01 1.146273e+01 1.555852e+00) (5.606242e-03 3.339336e-01 -6.971934e-03) (0.000000e+00 0.000000e+00 0.000000e+00)) ((5.372703e+00 -1.458151e+01 1.074735e+02) (-3.446944e-01 7.129649e-02 3.276404e+00) (0.000000e+00 0.000000e+00 0.000000e+00))
0.00033       	((7.006699e-01 1.146298e+01 1.555433e+00) (5.602657e-03 3.339361e-01 -6.973495e-03) (0.000000e+00 0.000000e+00 0.000000e+00)) ((5.368338e+00 -1.457753e+01 1.074804e+02) (-3.447093e-01 7.131037e-02 3.276465e+00) (0.000000e+00 0.000000e+00 0.000000e+00))
0.0003325     	((7.002757e-01 1.146321e+01 1.555015e+00) (5.599774e-03 3.339364e-01 -6.975095e-03) (0.000000e+00 0.000000e+00 0.000000e+00)) ((5.364004e+00 -1.457352e+01 1.074867e+02) (-3.447223e-01 7.132527e-02 3.276498e+00) (0.000000e+00 0.000000e+00 0.000000e+00))
0.000335      	((6.999650e-01 1.146344e+01 1.554599e+00) (5.598839e-03 3.339349e-01 -6.978102e-03) (0.000000e+00 0.000000e+00 0.000000e+00)) ((5.359667e+00 -1.456945e+01 1.074923e+02) (-3.447476e-01 7.135617e-02 3.276494e+00) (0.000000e+00 0.000000e+00 0.000000e+00))
0.0003375     	((6.997681e-01 1.146372e+01 1.554155e+00) (5.599290e-03 3.339328e-01 -6.981830e-03) (0.000000e+00 0.000000e+00 0.000000e+00)) ((5.355013e+00 -1.456499e+01 1.074971e+02) (-3.447797e-01 7.139547e-02 3.276469e+00) (0.000000e+00 0.000000e+00 0.000000e+00))
0.00034       	((6.996368e-01 1.146403e+01 1.553716e+00) (5.600309e-03 3.339321e-01 -6.986486e-03) (0.000000e+00 0.000000e+00 0.000000e+00)) ((5.350349e+00 -1.456052e+01 1.075017e+02) (-3.448227e-01 7.144462e-02 3.276453e+00) (0.000000e+00 0.000000e+00 0.000000e+00))
0.0003425     	((6.995236e-01 1.146437e+01 1.553275e+00) (5.600369e-03 3.339338e-01 -6.990571e-03) (0.000000e+00 0.000000e+00 0.000000e+00)) ((5.345650e+00 -1.455601e+01 1.075062e+02) (-3.448625e-01 7.148699e-02 3.276469e+00) (0.000000e+00 0.000000e+00 0.000000e+00))
0.000345      	((6.993397e-01 1.146469e+01 1.552882e+00) (5.598658e-03 3.339376e-01 -6.993937e-03) (0.000000e+00 0.000000e+00 0.000000e+00)) ((5.341434e+00 -1.455205e+01 1.075114e+02) (-3.448973e-01 7.152055e-02 3.276524e+00) (0.000000e+00 0.000000e+00 0.000000e+00))
0.0003475     	((6.990919e-01 1.146498e+01 1.552522e+00) (5.595888e-03 3.339415e-01 -6.996624e-03) (0.000000e+00 0.000000e+00 0.000000e+00)) ((5.337602e+00 -1.454850e+01 1.075169e+02) (-3.449255e-01 7.154618e-02 3.276591e+00) (0.000000e+00 0.000000e+00 0.000000e+00))
0.00035       	((6.987812e-01 1.146523e+01 1.552218e+00) (5.592578e-03 3.339447e-01 -6.999088e-03) (0.000000e+00 0.000000e+00 0.000000e+00)) ((5.334360e+00 -1.454556e+01 1.075226e+02) (-3.449507e-01 7.156916e-02 3.276657e+00) (0.000000e+00 0.000000e+00 0.000000e+00))
0.0003525     	((6.984739e-01 1.146545e+01 1.551929e+00) (5.589547e-03 3.339459e-01 -7.001148e-03) (0.000000e+00 0.000000e+00 0.000000e+00)) ((5.331306e+00 -1.454278e+01 1.075279e+02) (-3.449696e-01 7.158832e-02 3.276700e+00) (0.000000e+00 0.000000e+00 0.000000e+00))
0.000355      	((6.982226e-01 1.146565e+01 1.551659e+00) (5.588131e-03 3.339451e-01 -7.004339e-03) (0.000000e+00 0.000000e+00 0.000000e+00)) ((5.328452e+00 -1.454014e+01 1.075325e+02) (-3.449980e-01 7.162038e-02 3.276708e+00) (0.000000e+00 0.000000e+00 0.000000e+00))
0.0003575     	((6.980819e-01 1.146586e+01 1.551364e+00) (5.588268e-03 3.339431e-01 -7.008146e-03) (0.000000e+00 0.000000e+00 0.000000e+00)) ((5.325321e+00 -1.453714e+01 1.075362e+02) (-3.450314e-01 7.165993e-02 3.276687e+00) (0.000000e+00 0.000000e+00 0.000000e+00))
0.00036       	((6.980179e-01 1.146611e+01 1.551068e+00) (5.589333e-03 3.339420e-01 -7.013030e-03) (0.000000e+00 0.000000e+00 0.000000e+00)) ((5.322143e+00 -1.453407e+01 1.075394e+02) (-3.450768e-01 7.171109e-02 3.276666e+00) (0.000000e+00 0.000000e+00 0.000000e+00))
0.0003625     	((6.980042e-01 1.146639e+01 1.550754e+00) (5.589945e-03 3.339428e-01 -7.017335e-03) (0.000000e+00 0.000000e+00 0.000000e+00)) ((5.318746e+00 -1.453076e+01 1.075424e+02) (-3.451185e-01 7.175587e-02 3.276669e+00) (0.000000e+00 0.000000e+00 0.000000e+00))
0.000365      	((6.979568e-01 1.146667e+01 1.550467e+00) (5.589353e-03 3.339458e-01 -7.021136e-03) (0.000000e+00 0.000000e+00 0.000000e+00)) ((5.315622e+00 -1.452778e+01 1.075457e+02) (-3.451573e-01 7.179450e-02 3.276704e+00) (0.000000e+00 0.000000e+00 0.000000e+00))
0.0003675     	((6.978534e-01 1.146692e+01 1.550200e+00) (5.587216e-03 3.339496e-01 -7.023723e-03) (0.000000e+00 0.000000e+00 0.000000e+00)) ((5.312719e+00 -1.452504e+01 1.075494e+02) (-3.451850e-01 7.181937e-02 3.276764e+00) (0.000000e+00 0.000000e+00 0.000000e+00))
0.00037       	((6.976845e-01 1.146714e+01 1.549982e+00) (5.584427e-03 3.339532e-01 -7.026021e-03) (0.000000e+00 0.000000e+00 0.000000e+00)) ((5.310355e+00 -1.452289e+01 1.075533e+02) (-3.452094e-01 7.184080e-02 3.276828e+00) (0.000000e+00 0.000000e+00 0.000000e+00))
0.0003725     	((6.975056e-01 1.146731e+01 1.549775e+00) (5.581482e-03 3.339552e-01 -7.027466e-03) (0.000000e+00 0.000000e+00 0.000000e+00)) ((5.308140e+00 -1.452085e+01 1.075569e+02) (-3.452236e-01 7.185346e-02 3.276878e+00) (0.000000e+00 0.000000e+00 0.000000e+00))
0.000375      	((6.973585e-01 1.146747e+01 1.549583e+00) (5.579905e-03 3.339552e-01 -7.029691e-03) (0.000000e+00 0.000000e+00 0.000000e+00)) ((5.306093e+00 -1.451894e+01 1.075600e+02) (-3.452437e-01 7.187531e-02 3.276895e+00) (0.000000e+00 0.000000e+00 0.000000e+00))
0.0003775     	((6.973054e-01 1.146762e+01 1.549359e+00) (5.579817e-03 3.339536e-01 -7.032290e-03) (0.000000e+00 0.000000e+00 0.000000e+00)) ((5.303713e+00 -1.451661e+01 1.075621e+02) (-3.452659e-01 7.190217e-02 3.276881e+00) (0.000000e+00 0.000000e+00 0.000000e+00))
0.00038       	((6.973219e-01 1.146779e+01 1.549124e+00) (5.580937e-03 3.339522e-01 -7.036110e-03) (0.000000e+00 0.000000e+00 0.000000e+00)) ((5.301201e+00 -1.451413e+01 1.075638e+02) (-3.453009e-01 7.194238e-02 3.276857e+00) (0.000000e+00 0.000000e+00 0.000000e+00))
0.0003825     	((6.973932e-01 1.146799e+01 1.548857e+00) (5.581911e-03 3.339522e-01 -7.039533e-03) (0.000000e+00 0.000000e+00 0.000000e+00)) ((5.298341e+00 -1.451126e+01 1.075650e+02) (-3.453335e-01 7.197828e-02 3.276848e+00) (0.000000e+00 0.000000e+00 0.000000e+00))
0.000385      	((6.974621e-01 1.146818e+01 1.548599e+00) (5.582415e-03 3.339541e-01 -7.042910e-03) (0.000000e+00 0.000000e+00 0.000000e+00)) ((5.295557e+00 -1.450850e+01 1.075663e+02) (-3.453676e-01 7.201335e-02 3.276861e+00) (0.000000e+00 0.000000e+00 0.000000e+00))
0.0003875     	((6.974841e-01 1.146836e+01 1.548343e+00) (5.581133e-03 3.339572e-01 -7.044879e-03) (0.000000e+00 0.000000e+00 0.000000e+00)) ((5.292831e+00 -1.450581e+01 1.075679e+02) (-3.453891e-01 7.203245e-02 3.276906e+00) (0.000000e+00 0.000000e+00 0.000000e+00))
0.00039       	((6.974284e-01 1.146850e+01 1.548135e+00) (5.579084e-03 3.339605e-01 -7.046661e-03) (0.000000e+00 0.000000e+00 0.000000e+00)) ((5.290613e+00 -1.450368e+01 1.075699e+02) (-3.454088e-01 7.204903e-02 3.276960e+00) (0.000000e+00 0.000000e+00 0.000000e+00))
0.0003925     	((6.973392e-01 1.146860e+01 1.547940e+00) (5.576511e-03 3.339625e-01 -7.047415e-03) (0.000000e+00 0.000000e+00 0.000000e+00)) ((5.288567e+00 -1.450172e+01 1.075719e+02) (-3.454168e-01 7.205474e-02 3.277006e+00) (0.000000e+00 0.000000e+00 0.000000e+00))
0.000395      	((6.972494e-01 1.146867e+01 1.547772e+00) (5.574954e-03 3.339628e-01 -7.048833e-03) (0.000000e+00 0.000000e+00 0.000000e+00)) ((5.286831e+00 -1.450004e+01 1.075735e+02) (-3.454297e-01 7.206817e-02 3.277024e+00) (0.000000e+00 0.000000e+00 0.000000e+00))
0.0003975     	((6.972319e-01 1.146873e+01 1.547577e+00) (5.574722e-03 3.339611e-01 -7.050471e-03) (0.000000e+00 0.000000e+00 0.000000e+00)) ((5.284819e+00 -1.449801e+01 1.075744e+02) (-3.454429e-01 7.208493e-02 3.277011e+00) (0.000000e+00 0.000000e+00 0.000000e+00))
0.0004        	((6.972760e-01 1.146881e+01 1.547379e+00) (5.575923e-03 3.339592e-01 -7.053484e-03) (0.000000e+00 0.000000e+00 0.000000e+00)) ((5.282758e+00 -1.449590e+01 1.075747e+02) (-3.454699e-01 7.211682e-02 3.276980e+00) (0.000000e+00 0.000000e+00 0.000000e+00))
0.0004025     	((6.973784e-01 1.146890e+01 1.547148e+00) (5.577219e-03 3.339581e-01 -7.056268e-03) (0.000000e+00 0.000000e+00 0.000000e+00)) ((5.280347e+00 -1.449341e+01 1.075747e+02) (-3.454957e-01 7.214631e-02 3.276957e+00) (0.000000e+00 0.000000e+00 0.000000e+00))
0.000405      	((6.974826e-01 1.146901e+01 1.546930e+00) (5.578296e-03 3.339587e-01 -7.059293e-03) (0.000000e+00 0.000000e+00 0.000000e+00)) ((5.278051e+00 -1.449105e+01 1.075747e+02) (-3.455257e-01 7.217808e-02 3.276953e+00) (0.000000e+00 0.000000e+00 0.000000e+00))
0.0004075     	((6.975624e-01 1.146910e+01 1.546710e+00) (5.578003e-03 3.339606e-01 -7.061067e-03) (0.000000e+00 0.000000e+00 0.000000e+00)) ((5.275743e+00 -1.448869e+01 1.075749e+02) (-3.455445e-01 7.219589e-02 3.276974e+00) (0.000000e+00 0.000000e+00 0.000000e+00))
0.00041       	((6.975650e-01 1.146917e+01 1.546541e+00) (5.576711e-03 3.339631e-01 -7.062645e-03) (0.000000e+00 0.000000e+00 0.000000e+00)) ((5.273978e+00 -1.448693e+01 1.075756e+02) (-3.455620e-01 7.221086e-02 3.277012e+00) (0.000000e+00 0.000000e+00 0.000000e+00))
0.0004125     	((6.975257e-01 1.146921e+01 1.546389e+00) (5.574597e-03 3.339648e-01 -7.063034e-03) (0.000000e+00 0.000000e+00 0.000000e+00)) ((5.272420e+00 -1.448538e+01 1.075765e+02) (-3.455667e-01 7.221306e-02 3.277050e+00) (0.000000e+00 0.000000e+00 0.000000e+00))
0.000415      	((6.974668e-01 1.146923e+01 1.546278e+00) (5.573163e-03 3.339650e-01 -7.063958e-03) (0.000000e+00 0.000000e+00 0.000000e+00)) ((5.271292e+00 -1.448427e+01 1.075772e+02) (-3.455752e-01 7.222139e-02 3.277067e+00) (0.000000e+00 0.000000e+00 0.000000e+00))
0.0004175     	((6.974639e-01 1.146923e+01 1.546148e+00) (5.572744e-03 3.339633e-01 -7.064825e-03) (0.000000e+00 0.000000e+00 0.000000e+00)) ((5.269992e+00 -1.448291e+01 1.075774e+02) (-3.455813e-01 7.223000e-02 3.277055e+00) (0.000000e+00 0.000000e+00 0.000000e+00))
0.00042       	((6.975180e-01 1.146925e+01 1.546025e+00) (5.573869e-03 3.339610e-01 -7.067106e-03) (0.000000e+00 0.000000e+00 0.000000e+00)) ((5.268738e+00 -1.448157e+01 1.075770e+02) (-3.456010e-01 7.225428e-02 3.277021e+00) (0.000000e+00 0.000000e+00 0.000000e+00))
0.0004225     	((6.976370e-01 1.146929e+01 1.545870e+00) (5.575252e-03 3.339592e-01 -7.069213e-03) (0.000000e+00 0.000000e+00 0.000000e+00)) ((5.267141e+00 -1.447985e+01 1.075762e+02) (-3.456197e-01 7.227685e-02 3.276989e+00) (0.000000e+00 0.000000e+00 0.000000e+00))
0.000425      	((6.977692e-01 1.146934e+01 1.545728e+00) (5.576680e-03 3.339588e-01 -7.071794e-03) (0.000000e+00 0.000000e+00 0.000000e+00)) ((5.265650e+00 -1.447825e+01 1.075754e+02) (-3.456447e-01 7.230428e-02 3.276972e+00) (0.000000e+00 0.000000e+00 0.000000e+00))
0.0004275     	((6.978993e-01 1.146940e+01 1.545574e+00) (5.577034e-03 3.339596e-01 -7.073139e-03) (0.000000e+00 0.000000e+00 0.000000e+00)) ((5.264035e+00 -1.447654e+01 1.075747e+02) (-3.456585e-01 7.231818e-02 3.276976e+00) (0.000000e+00 0.000000e+00 0.000000e+00))
0.00043       	((6.979642e-01 1.146945e+01 1.545466e+00) (5.576455e-03 3.339614e-01 -7.074447e-03) (0.000000e+00 0.000000e+00 0.000000e+00)) ((5.262896e+00 -1.447536e+01 1.075746e+02) (-3.456730e-01 7.233092e-02 3.276999e+00) (0.000000e+00 0.000000e+00 0.000000e+00))
0.0004325     	((6.979890e-01 1.146948e+01 1.545370e+00) (5.574854e-03 3.339627e-01 -7.074430e-03) (0.000000e+00 0.000000e+00 0.000000e+00)) ((5.261900e+00 -1.447433e+01 1.075746e+02) (-3.456737e-01 7.232931e-02 3.277029e+00) (0.000000e+00 0.000000e+00 0.000000e+00))
0.000435      	((6.979805e-01 1.146949e+01 1.545318e+00) (5.573645e-03 3.339630e-01 -7.074840e-03) (0.000000e+00 0.000000e+00 0.000000e+00)) ((5.261373e+00 -1.447379e+01 1.075748e+02) (-3.456776e-01 7.233252e-02 3.277044e+00) (0.000000e+00 0.000000e+00 0.000000e+00))
0.0004375     	((6.980121e-01 1.146948e+01 1.545251e+00) (5.573102e-03 3.339616e-01 -7.074876e-03) (0.000000e+00 0.000000e+00 0.000000e+00)) ((5.260703e+00 -1.447306e+01 1.075745e+02) (-3.456759e-01 7.233247e-02 3.277036e+00) (0.000000e+00 0.000000e+00 0.000000e+00))
0.00044       	((6.980896e-01 1.146949e+01 1.545197e+00) (5.574137e-03 3.339592e-01 -7.076292e-03) (0.000000e+00 0.000000e+00 0.000000e+00)) ((5.260148e+00 -1.447241e+01 1.075738e+02) (-3.456872e-01 7.234785e-02 3.277003e+00) (0.000000e+00 0.000000e+00 0.000000e+00))
0.0004425     	((6.982312e-01 1.146951e+01 1.545107e+00) (5.575524e-03 3.339570e-01 -7.077557e-03) (0.000000e+00 0.000000e+00 0.000000e+00)) ((5.259218e+00 -1.447135e+01 1.075726e+02) (-3.456973e-01 7.236183e-02 3.276967e+00) (0.000000e+00 0.000000e+00 0.000000e+00))
0.000445      	((6.983862e-01 1.146955e+01 1.545030e+00) (5.577215e-03 3.339560e-01 -7.079551e-03) (0.000000e+00 0.000000e+00 0.000000e+00)) ((5.258391e+00 -1.447041e+01 1.075714e+02) (-3.457160e-01 7.238350e-02 3.276940e+00) (0.000000e+00 0.000000e+00 0.000000e+00))
0.0004475     	((6.985517e-01 1.146961e+01 1.544929e+00) (5.578041e-03 3.339559e-01 -7.080383e-03) (0.000000e+00 0.000000e+00 0.000000e+00)) ((5.257311e+00 -1.446921e+01 1.075703e+02) (-3.457241e-01 7.239257e-02 3.276930e+00) (0.000000e+00 0.000000e+00 0.000000e+00))
0.00045       	((6.986601e-01 1.146966e+01 1.544868e+00) (5.578168e-03 3.339570e-01 -7.081383e-03) (0.000000e+00 0.000000e+00 0.000000e+00)) ((5.256633e+00 -1.446848e+01 1.075697e+02) (-3.457351e-01 7.240279e-02 3.276940e+00) (0.000000e+00 0.000000e+00 0.000000e+00))
0.0004525     	((6.987291e-01 1.146969e+01 1.544807e+00) (5.577145e-03 3.339580e-01 -7.081034e-03) (0.000000e+00 0.000000e+00 0.000000e+00)) ((5.255989e+00 -1.446779e+01 1.075694e+02) (-3.457324e-01 7.239828e-02 3.276960e+00) (0.000000e+00 0.000000e+00 0.000000e+00))
0.000455      	((6.987481e-01 1.146971e+01 1.544794e+00) (5.576279e-03 3.339584e-01 -7.081122e-03) (0.000000e+00 0.000000e+00 0.000000e+00)) ((5.255829e+00 -1.446763e+01 1.075694e+02) (-3.457334e-01 7.239848e-02 3.276973e+00) (0.000000e+00 0.000000e+00 0.000000e+00))
0.0004575     	((6.987848e-01 1.146972e+01 1.544765e+00) (5.575666e-03 3.339573e-01 -7.080556e-03) (0.000000e+00 0.000000e+00 0.000000e+00)) ((5.255528e+00 -1.446728e+01 1.075691e+02) (-3.457264e-01 7.239226e-02 3.276969e+00) (0.000000e+00 0.000000e+00 0.000000e+00))
0.00046       	((6.988430e-01 1.146972e+01 1.544755e+00) (5.576445e-03 3.339553e-01 -7.081310e-03) (0.000000e+00 0.000000e+00 0.000000e+00)) ((5.255412e+00 -1.446711e+01 1.075686e+02) (-3.457316e-01 7.240072e-02 3.276941e+00) (0.000000e+00 0.000000e+00 0.000000e+00))
0.0004625     	((6.989562e-01 1.146974e+01 1.544706e+00) (5.577609e-03 3.339531e-01 -7.081831e-03) (0.000000e+00 0.000000e+00 0.000000e+00)) ((5.254903e+00 -1.446650e+01 1.075676e+02) (-3.457344e-01 7.240701e-02 3.276907e+00) (0.000000e+00 0.000000e+00 0.000000e+00))
0.000465      	((6.990790e-01 1.146978e+01 1.544670e+00) (5.579296e-03 3.339517e-01 -7.083350e-03) (0.000000e+00 0.000000e+00 0.000000e+00)) ((5.254493e+00 -1.446601e+01 1.075667e+02) (-3.457482e-01 7.242391e-02 3.276877e+00) (0.000000e+00 0.000000e+00 0.000000e+00))
0.0004675     	((6.992168e-01 1.146982e+01 1.544601e+00) (5.580257e-03 3.339512e-01 -7.083792e-03) (0.000000e+00 0.000000e+00 0.000000e+00)) ((5.253748e+00 -1.446517e+01 1.075658e+02) (-3.457521e-01 7.242918e-02 3.276862e+00) (0.000000e+00 0.000000e+00 0.000000e+00))
0.00047       	((6.993072e-01 1.146986e+01 1.544565e+00) (5.580799e-03 3.339518e-01 -7.084619e-03) (0.000000e+00 0.000000e+00 0.000000e+00)) ((5.253327e+00 -1.446471e+01 1.075653e+02) (-3.457610e-01 7.243808e-02 3.276862e+00) (0.000000e+00 0.000000e+00 0.000000e+00))
0.0004725     	((6.993634e-01 1.146990e+01 1.544519e+00) (5.580121e-03 3.339526e-01 -7.084089e-03) (0.000000e+00 0.000000e+00 0.000000e+00)) ((5.252825e+00 -1.446418e+01 1.075651e+02) (-3.457564e-01 7.243207e-02 3.276877e+00) (0.000000e+00 0.000000e+00 0.000000e+00))
0.000475      	((6.993631e-01 1.146992e+01 1.544518e+00) (5.579446e-03 3.339532e-01 -7.084068e-03) (0.000000e+00 0.000000e+00 0.000000e+00)) ((5.252787e+00 -1.446417e+01 1.075653e+02) (-3.457568e-01 7.243136e-02 3.276890e+00) (0.000000e+00 0.000000e+00 0.000000e+00))
0.0004775     	((6.993685e-01 1.146992e+01 1.544497e+00) (5.578667e-03 3.339526e-01 -7.083153e-03) (0.000000e+00 0.000000e+00 0.000000e+00)) ((5.252576e+00 -1.446394e+01 1.075653e+02) (-3.457469e-01 7.242146e-02 3.276892e+00) (0.000000e+00 0.000000e+00 0.000000e+00))
0.00048       	((6.993781e-01 1.146992e+01 1.544500e+00) (5.579047e-03 3.339513e-01 -7.083505e-03) (0.000000e+00 0.000000e+00 0.000000e+00)) ((5.252605e+00 -1.446396e+01 1.075651e+02) (-3.457489e-01 7.242554e-02 3.276875e+00) (0.000000e+00 0.000000e+00 0.000000e+00))
0.0004825     	((6.994397e-01 1.146992e+01 1.544462e+00) (5.579780e-03 3.339493e-01 -7.083463e-03) (0.000000e+00 0.000000e+00 0.000000e+00)) ((5.252215e+00 -1.446350e+01 1.075646e+02) (-3.457463e-01 7.242581e-02 3.276848e+00) (0.000000e+00 0.000000e+00 0.000000e+00))
0.000485      	((6.995097e-01 1.146994e+01 1.544439e+00) (5.581190e-03 3.339480e-01 -7.084656e-03) (0.000000e+00 0.000000e+00 0.000000e+00)) ((5.251956e+00 -1.446319e+01 1.075640e+02) (-3.457570e-01 7.243923e-02 3.276821e+00) (0.000000e+00 0.000000e+00 0.000000e+00))
0.0004875     	((6.996055e-01 1.146996e+01 1.544375e+00) (5.582025e-03 3.339472e-01 -7.084837e-03) (0.000000e+00 0.000000e+00 0.000000e+00)) ((5.251285e+00 -1.446245e+01 1.075633e+02) (-3.457581e-01 7.244177e-02 3.276805e+00) (0.000000e+00 0.000000e+00 0.000000e+00))
0.00049       	((6.996683e-01 1.146998e+01 1.544339e+00) (5.582721e-03 3.339476e-01 -7.085647e-03) (0.000000e+00 0.000000e+00 0.000000e+00)) ((5.250894e+00 -1.446203e+01 1.075629e+02) (-3.457666e-01 7.245067e-02 3.276802e+00) (0.000000e+00 0.000000e+00 0.000000e+00))
0.0004925     	((6.997110e-01 1.147000e+01 1.544284e+00) (5.582214e-03 3.339482e-01 -7.085095e-03) (0.000000e+00 0.000000e+00 0.000000e+00)) ((5.250324e+00 -1.446143e+01 1.075627e+02) (-3.457618e-01 7.244459e-02 3.276813e+00) (0.000000e+00 0.000000e+00 0.000000e+00))
0.000495      	((6.996993e-01 1.147001e+01 1.544275e+00) (5.581655e-03 3.339491e-01 -7.085164e-03) (0.000000e+00 0.000000e+00 0.000000e+00)) ((5.250217e+00 -1.446134e+01 1.075628e+02) (-3.457633e-01 7.244490e-02 3.276827e+00) (0.000000e+00 0.000000e+00 0.000000e+00))
0.0004975     	((6.996903e-01 1.147000e+01 1.544243e+00) (5.580725e-03 3.339489e-01 -7.084139e-03) (0.000000e+00 0.000000e+00 0.000000e+00)) ((5.249914e+00 -1.446102e+01 1.075628e+02) (-3.457528e-01 7.243373e-02 3.276835e+00) (0.000000e+00 0.000000e+00 0.000000e+00))
0.0005        	((6.996753e-01 1.146998e+01 1.544244e+00) (5.580781e-03 3.339481e-01 -7.084355e-03) (0.000000e+00 0.000000e+00 0.000000e+00)) ((5.249933e+00 -1.446104e+01 1.075628e+02) (-3.457541e-01 7.243614e-02 3.276827e+00) (0.000000e+00 0.000000e+00 0.000000e+00))
0.0005025     	((6.997119e-01 1.146996e+01 1.544202e+00) (5.581146e-03 3.339464e-01 -7.083994e-03) (0.000000e+00 0.000000e+00 0.000000e+00)) ((5.249533e+00 -1.446058e+01 1.075623e+02) (-3.457486e-01 7.243284e-02 3.276806e+00) (0.000000e+00 0.000000e+00 0.000000e+00))
0.000505      	((6.997581e-01 1.146995e+01 1.544182e+00) (5.582329e-03 3.339452e-01 -7.085056e-03) (0.000000e+00 0.000000e+00 0.000000e+00)) ((5.249327e+00 -1.446033e+01 1.075617e+02) (-3.457580e-01 7.244474e-02 3.276782e+00) (0.000000e+00 0.000000e+00 0.000000e+00))
0.0005075     	((6.998383e-01 1.146996e+01 1.544119e+00) (5.583053e-03 3.339443e-01 -7.085124e-03) (0.000000e+00 0.000000e+00 0.000000e+00)) ((5.248697e+00 -1.445962e+01 1.075609e+02) (-3.457579e-01 7.244601e-02 3.276767e+00) (0.000000e+00 0.000000e+00 0.000000e+00))
0.00051       	((6.998964e-01 1.146996e+01 1.544087e+00) (5.583880e-03 3.339444e-01 -7.086040e-03) (0.000000e+00 0.000000e+00 0.000000e+00)) ((5.248358e+00 -1.445924e+01 1.075604e+02) (-3.457672e-01 7.245608e-02 3.276759e+00) (0.000000e+00 0.000000e+00 0.000000e+00))
0.0005125     	((6.999468e-01 1.146997e+01 1.544029e+00) (5.583565e-03 3.339449e-01 -7.085559e-03) (0.000000e+00 0.000000e+00 0.000000e+00)) ((5.247772e+00 -1.445861e+01 1.075600e+02) (-3.457630e-01 7.245085e-02 3.276767e+00) (0.000000e+00 0.000000e+00 0.000000e+00))
0.000515      	((6.999450e-01 1.146996e+01 1.544019e+00) (5.583215e-03 3.339458e-01 -7.085822e-03) (0.000000e+00 0.000000e+00 0.000000e+00)) ((5.247675e+00 -1.445852e+01 1.075599e+02) (-3.457665e-01 7.245326e-02 3.276779e+00) (0.000000e+00 0.000000e+00 0.000000e+00))
0.0005175     	((6.999437e-01 1.146995e+01 1.543988e+00) (5.582304e-03 3.339458e-01 -7.084813e-03) (0.000000e+00 0.000000e+00 0.000000e+00)) ((5.247381e+00 -1.445820e+01 1.075598e+02) (-3.457564e-01 7.244220e-02 3.276789e+00) (0.000000e+00 0.000000e+00 0.000000e+00))
0.00052       	((6.999267e-01 1.146992e+01 1.543996e+00) (5.582247e-03 3.339454e-01 -7.085042e-03) (0.000000e+00 0.000000e+00 0.000000e+00)) ((5.247486e+00 -1.445831e+01 1.075597e+02) (-3.457582e-01 7.244459e-02 3.276785e+00) (0.000000e+00 0.000000e+00 0.000000e+00))
0.0005225     	((6.999556e-01 1.146990e+01 1.543964e+00) (5.582351e-03 3.339440e-01 -7.084491e-03) (0.000000e+00 0.000000e+00 0.000000e+00)) ((5.247196e+00 -1.445796e+01 1.075592e+02) (-3.457511e-01 7.243910e-02 3.276770e+00) (0.000000e+00 0.000000e+00 0.000000e+00))
0.000525      	((6.999924e-01 1.146988e+01 1.543961e+00) (5.583419e-03 3.339428e-01 -7.085465e-03) (0.000000e+00 0.000000e+00 0.000000e+00)) ((5.247170e+00 -1.445789e+01 1.075586e+02) (-3.457597e-01 7.244999e-02 3.276748e+00) (0.000000e+00 0.000000e+00 0.000000e+00))
0.0005275     	((7.000686e-01 1.146988e+01 1.543912e+00) (5.584098e-03 3.339417e-01 -7.085430e-03) (0.000000e+00 0.000000e+00 0.000000e+00)) ((5.246689e+00 -1.445733e+01 1.075578e+02) (-3.457583e-01 7.245014e-02 3.276730e+00) (0.000000e+00 0.000000e+00 0.000000e+00))
0.00053       	((7.001260e-01 1.146988e+01 1.543897e+00) (5.585053e-03 3.339416e-01 -7.086442e-03) (0.000000e+00 0.000000e+00 0.000000e+00)) ((5.246528e+00 -1.445713e+01 1.075573e+02) (-3.457684e-01 7.246127e-02 3.276720e+00) (0.000000e+00 0.000000e+00 0.000000e+00))
0.0005325     	((7.001856e-01 1.146989e+01 1.543851e+00) (5.584951e-03 3.339419e-01 -7.085989e-03) (0.000000e+00 0.000000e+00 0.000000e+00)) ((5.246057e+00 -1.445661e+01 1.075567e+02) (-3.457642e-01 7.245647e-02 3.276723e+00) (0.000000e+00 0.000000e+00 0.000000e+00))
0.000535      	((7.001934e-01 1.146989e+01 1.543855e+00) (5.584831e-03 3.339427e-01 -7.086409e-03) (0.000000e+00 0.000000e+00 0.000000e+00)) ((5.246090e+00 -1.445665e+01 1.075566e+02) (-3.457692e-01 7.246065e-02 3.276732e+00) (0.000000e+00 0.000000e+00 0.000000e+00))
0.0005375     	((7.001999e-01 1.146988e+01 1.543832e+00) (5.583975e-03 3.339428e-01 -7.085388e-03) (0.000000e+00 0.000000e+00 0.000000e+00)) ((5.245878e+00 -1.445642e+01 1.075565e+02) (-3.457592e-01 7.244948e-02 3.276742e+00) (0.000000e+00 0.000000e+00 0.000000e+00))
0.00054       	((7.001809e-01 1.146986e+01 1.543856e+00) (5.583859e-03 3.339427e-01 -7.085618e-03) (0.000000e+00 0.000000e+00 0.000000e+00)) ((5.246129e+00 -1.445668e+01 1.075565e+02) (-3.457613e-01 7.245180e-02 3.276742e+00) (0.000000e+00 0.000000e+00 0.000000e+00))
0.0005425     	((7.002000e-01 1.146985e+01 1.543839e+00) (5.583735e-03 3.339415e-01 -7.084853e-03) (0.000000e+00 0.000000e+00 0.000000e+00)) ((5.245983e+00 -1.445649e+01 1.075562e+02) (-3.457524e-01 7.244391e-02 3.276732e+00) (0.000000e+00 0.000000e+00 0.000000e+00))
0.000545      	((7.002242e-01 1.146983e+01 1.543854e+00) (5.584669e-03 3.339404e-01 -7.085696e-03) (0.000000e+00 0.000000e+00 0.000000e+00)) ((5.246133e+00 -1.445662e+01 1.075558e+02) (-3.457596e-01 7.245336e-02 3.276712e+00) (0.000000e+00 0.000000e+00 0.000000e+00))
0.0005475     	((7.002892e-01 1.146983e+01 1.543820e+00) (5.585241e-03 3.339393e-01 -7.085485e-03) (0.000000e+00 0.000000e+00 0.000000e+00)) ((5.245805e+00 -1.445623e+01 1.075551e+02) (-3.457564e-01 7.245163e-02 3.276695e+00) (0.000000e+00 0.000000e+00 0.000000e+00))
0.00055       	((7.003387e-01 1.146984e+01 1.543822e+00) (5.586231e-03 3.339391e-01 -7.086501e-03) (0.000000e+00 0.000000e+00 0.000000e+00)) ((5.245799e+00 -1.445620e+01 1.075547e+02) (-3.457664e-01 7.246284e-02 3.276683e+00) (0.000000e+00 0.000000e+00 0.000000e+00))
0.0005525     	((7.003976e-01 1.146986e+01 1.543784e+00) (5.586252e-03 3.339392e-01 -7.086015e-03) (0.000000e+00 0.000000e+00 0.000000e+00)) ((5.245408e+00 -1.445576e+01 1.075543e+02) (-3.457617e-01 7.245781e-02 3.276683e+00) (0.000000e+00 0.000000e+00 0.000000e+00))
0.000555      	((7.004067e-01 1.146987e+01 1.543795e+00) (5.586288e-03 3.339400e-01 -7.086512e-03) (0.000000e+00 0.000000e+00 0.000000e+00)) ((5.245503e+00 -1.445587e+01 1.075543e+02) (-3.457675e-01 7.246292e-02 3.276691e+00) (0.000000e+00 0.000000e+00 0.000000e+00))
0.0005575     	((7.004128e-01 1.146987e+01 1.543777e+00) (5.585479e-03 3.339403e-01 -7.085481e-03) (0.000000e+00 0.000000e+00 0.000000e+00)) ((5.245322e+00 -1.445568e+01 1.075542e+02) (-3.457575e-01 7.245169e-02 3.276702e+00) (0.000000e+00 0.000000e+00 0.000000e+00))
0.00056       	((7.003857e-01 1.146986e+01 1.543806e+00) (5.585286e-03 3.339405e-01 -7.085680e-03) (0.000000e+00 0.000000e+00 0.000000e+00)) ((5.245616e+00 -1.445600e+01 1.075545e+02) (-3.457595e-01 7.245364e-02 3.276706e+00) (0.000000e+00 0.000000e+00 0.000000e+00))
0.0005625     	((7.003902e-01 1.146985e+01 1.543794e+00) (5.584955e-03 3.339396e-01 -7.084776e-03) (0.000000e+00 0.000000e+00 0.000000e+00)) ((5.245512e+00 -1.445588e+01 1.075543e+02) (-3.457496e-01 7.244417e-02 3.276701e+00) (0.000000e+00 0.000000e+00 0.000000e+00))
0.000565      	((7.003954e-01 1.146985e+01 1.543815e+00) (5.585682e-03 3.339387e-01 -7.085468e-03) (0.000000e+00 0.000000e+00 0.000000e+00)) ((5.245723e+00 -1.445609e+01 1.075542e+02) (-3.457555e-01 7.245193e-02 3.276685e+00) (0.000000e+00 0.000000e+00 0.000000e+00))
0.0005675     	((7.004421e-01 1.146985e+01 1.543787e+00) (5.586121e-03 3.339377e-01 -7.085140e-03) (0.000000e+00 0.000000e+00 0.000000e+00)) ((5.245446e+00 -1.445576e+01 1.075537e+02) (-3.457511e-01 7.244893e-02 3.276670e+00) (0.000000e+00 0.000000e+00 0.000000e+00))
0.00057       	((7.004761e-01 1.146986e+01 1.543792e+00) (5.587065e-03 3.339374e-01 -7.086127e-03) (0.000000e+00 0.000000e+00 0.000000e+00)) ((5.245474e+00 -1.445578e+01 1.075535e+02) (-3.457608e-01 7.245983e-02 3.276658e+00) (0.000000e+00 0.000000e+00 0.000000e+00))
0.0005725     	((7.005255e-01 1.146988e+01 1.543754e+00) (5.587145e-03 3.339374e-01 -7.085670e-03) (0.000000e+00 0.000000e+00 0.000000e+00)) ((5.245081e+00 -1.445535e+01 1.075532e+02) (-3.457562e-01 7.245518e-02 3.276656e+00) (0.000000e+00 0.000000e+00 0.000000e+00))
0.000575      	((7.005291e-01 1.146989e+01 1.543762e+00) (5.587264e-03 3.339382e-01 -7.086240e-03) (0.000000e+00 0.000000e+00 0.000000e+00)) ((5.245140e+00 -1.445543e+01 1.075532e+02) (-3.457628e-01 7.246112e-02 3.276663e+00) (0.000000e+00 0.000000e+00 0.000000e+00))
0.0005775     	((7.005290e-01 1.146989e+01 1.543738e+00) (5.586481e-03 3.339386e-01 -7.085276e-03) (0.000000e+00 0.000000e+00 0.000000e+00)) ((5.244905e+00 -1.445519e+01 1.075533e+02) (-3.457536e-01 7.245059e-02 3.276675e+00) (0.000000e+00 0.000000e+00 0.000000e+00))
0.00058       	((7.004925e-01 1.146989e+01 1.543763e+00) (5.586204e-03 3.339390e-01 -7.085490e-03) (0.000000e+00 0.000000e+00 0.000000e+00)) ((5.245149e+00 -1.445547e+01 1.075536e+02) (-3.457561e-01 7.245262e-02 3.276682e+00) (0.000000e+00 0.000000e+00 0.000000e+00))
0.0005825     	((7.004818e-01 1.146988e+01 1.543747e+00) (5.585684e-03 3.339385e-01 -7.084539e-03) (0.000000e+00 0.000000e+00 0.000000e+00)) ((5.245014e+00 -1.445533e+01 1.075537e+02) (-3.457459e-01 7.244252e-02 3.276682e+00) (0.000000e+00 0.000000e+00 0.000000e+00))
0.000585      	((7.004680e-01 1.146987e+01 1.543767e+00) (5.586182e-03 3.339379e-01 -7.085143e-03) (0.000000e+00 0.000000e+00 0.000000e+00)) ((5.245218e+00 -1.445554e+01 1.075537e+02) (-3.457513e-01 7.244922e-02 3.276671e+00) (0.000000e+00 0.000000e+00 0.000000e+00))
0.0005875     	((7.004962e-01 1.146987e+01 1.543738e+00) (5.586474e-03 3.339368e-01 -7.084747e-03) (0.000000e+00 0.000000e+00 0.000000e+00)) ((5.244930e+00 -1.445521e+01 1.075534e+02) (-3.457462e-01 7.244542e-02 3.276658e+00) (0.000000e+00 0.000000e+00 0.000000e+00))
0.00059       	((7.005156e-01 1.146987e+01 1.543741e+00) (5.587348e-03 3.339365e-01 -7.085739e-03) (0.000000e+00 0.000000e+00 0.000000e+00)) ((5.244954e+00 -1.445523e+01 1.075532e+02) (-3.457558e-01 7.245630e-02 3.276646e+00) (0.000000e+00 0.000000e+00 0.000000e+00))
0.0005925     	((7.005570e-01 1.146988e+01 1.543700e+00) (5.587465e-03 3.339364e-01 -7.085353e-03) (0.000000e+00 0.000000e+00 0.000000e+00)) ((5.244535e+00 -1.445478e+01 1.075529e+02) (-3.457519e-01 7.245242e-02 3.276643e+00) (0.000000e+00 0.000000e+00 0.000000e+00))
0.000595      	((7.005581e-01 1.146989e+01 1.543704e+00) (5.587664e-03 3.339371e-01 -7.086031e-03) (0.000000e+00 0.000000e+00 0.000000e+00)) ((5.244554e+00 -1.445481e+01 1.075530e+02) (-3.457594e-01 7.245952e-02 3.276649e+00) (0.000000e+00 0.000000e+00 0.000000e+00))
0.0005975     	((7.005574e-01 1.146989e+01 1.543674e+00) (5.586930e-03 3.339377e-01 -7.085175e-03) (0.000000e+00 0.000000e+00 0.000000e+00)) ((5.244261e+00 -1.445451e+01 1.075530e+02) (-3.457514e-01 7.245013e-02 3.276661e+00) (0.000000e+00 0.000000e+00 0.000000e+00))
0.0006        	((7.005185e-01 1.146989e+01 1.543694e+00) (5.586610e-03 3.339383e-01 -7.085451e-03) (0.000000e+00 0.000000e+00 0.000000e+00)) ((5.244459e+00 -1.445475e+01 1.075534e+02) (-3.457547e-01 7.245274e-02 3.276671e+00) (0.000000e+00 0.000000e+00 0.000000e+00))
0.0006025     	((7.004997e-01 1.146987e+01 1.543676e+00) (5.585952e-03 3.339380e-01 -7.084498e-03) (0.000000e+00 0.000000e+00 0.000000e+00)) ((5.244305e+00 -1.445459e+01 1.075534e+02) (-3.457448e-01 7.244248e-02 3.276674e+00) (0.000000e+00 0.000000e+00 0.000000e+00))
0.000605      	((7.004751e-01 1.146986e+01 1.543696e+00) (5.586267e-03 3.339375e-01 -7.085052e-03) (0.000000e+00 0.000000e+00 0.000000e+00)) ((5.244518e+00 -1.445482e+01 1.075535e+02) (-3.457498e-01 7.244850e-02 3.276667e+00) (0.000000e+00 0.000000e+00 0.000000e+00))
0.0006075     	((7.004947e-01 1.146985e+01 1.543668e+00) (5.586446e-03 3.339365e-01 -7.084608e-03) (0.000000e+00 0.000000e+00 0.000000e+00)) ((5.244254e+00 -1.445451e+01 1.075532e+02) (-3.457443e-01 7.244412e-02 3.276655e+00) (0.000000e+00 0.000000e+00 0.000000e+00))
0.00061       	((7.005088e-01 1.146985e+01 1.543674e+00) (5.587282e-03 3.339361e-01 -7.085611e-03) (0.000000e+00 0.000000e+00 0.000000e+00)) ((5.244309e+00 -1.445456e+01 1.075531e+02) (-3.457540e-01 7.245508e-02 3.276643e+00) (0.000000e+00 0.000000e+00 0.000000e+00))
0.0006125     	((7.005493e-01 1.146985e+01 1.543635e+00) (5.587449e-03 3.339359e-01 -7.085289e-03) (0.000000e+00 0.000000e+00 0.000000e+00)) ((5.243916e+00 -1.445413e+01 1.075527e+02) (-3.457505e-01 7.245188e-02 3.276638e+00) (0.000000e+00 0.000000e+00 0.000000e+00))
0.000615      	((7.005567e-01 1.146986e+01 1.543639e+00) (5.587759e-03 3.339365e-01 -7.086062e-03) (0.000000e+00 0.000000e+00 0.000000e+00)) ((5.243937e+00 -1.445416e+01 1.075527e+02) (-3.457589e-01 7.246003e-02 3.276641e+00) (0.000000e+00 0.000000e+00 0.000000e+00))
0.0006175     	((7.005640e-01 1.146986e+01 1.543609e+00) (5.587121e-03 3.339370e-01 -7.085305e-03) (0.000000e+00 0.000000e+00 0.000000e+00)) ((5.243639e+00 -1.445385e+01 1.075527e+02) (-3.457519e-01 7.245170e-02 3.276653e+00) (0.000000e+00 0.000000e+00 0.000000e+00))
0.00062       	((7.005310e-01 1.146986e+01 1.543629e+00) (5.586825e-03 3.339377e-01 -7.085640e-03) (0.000000e+00 0.000000e+00 0.000000e+00)) ((5.243841e+00 -1.445408e+01 1.075530e+02) (-3.457559e-01 7.245491e-02 3.276663e+00) (0.000000e+00 0.000000e+00 0.000000e+00))
0.0006225     	((7.005137e-01 1.146985e+01 1.543614e+00) (5.586101e-03 3.339376e-01 -7.084686e-03) (0.000000e+00 0.000000e+00 0.000000e+00)) ((5.243712e+00 -1.445395e+01 1.075530e+02) (-3.457462e-01 7.244457e-02 3.276669e+00) (0.000000e+00 0.000000e+00 0.000000e+00))
0.000625      	((7.004863e-01 1.146983e+01 1.543640e+00) (5.586295e-03 3.339373e-01 -7.085187e-03) (0.000000e+00 0.000000e+00 0.000000e+00)) ((5.243977e+00 -1.445423e+01 1.075532e+02) (-3.457508e-01 7.244993e-02 3.276664e+00) (0.000000e+00 0.000000e+00 0.000000e+00))
0.0006275     	((7.005017e-01 1.146982e+01 1.543619e+00) (5.586376e-03 3.339363e-01 -7.084679e-03) (0.000000e+00 0.000000e+00 0.000000e+00)) ((5.243790e+00 -1.445401e+01 1.075529e+02) (-3.457447e-01 7.244480e-02 3.276654e+00) (0.000000e+00 0.000000e+00 0.000000e+00))
0.00063       	((7.005151e-01 1.146982e+01 1.543631e+00) (5.587199e-03 3.339359e-01 -7.085653e-03) (0.000000e+00 0.000000e+00 0.000000e+00)) ((5.243906e+00 -1.445412e+01 1.075527e+02) (-3.457539e-01 7.245546e-02 3.276641e+00) (0.000000e+00 0.000000e+00 0.000000e+00))
0.0006325     	((7.005582e-01 1.146983e+01 1.543597e+00) (5.587423e-03 3.339355e-01 -7.085358e-03) (0.000000e+00 0.000000e+00 0.000000e+00)) ((5.243568e+00 -1.445374e+01 1.075523e+02) (-3.457506e-01 7.245258e-02 3.276635e+00) (0.000000e+00 0.000000e+00 0.000000e+00))
0.000635      	((7.005727e-01 1.146983e+01 1.543605e+00) (5.587867e-03 3.339359e-01 -7.086189e-03) (0.000000e+00 0.000000e+00 0.000000e+00)) ((5.243627e+00 -1.445380e+01 1.075523e+02) (-3.457594e-01 7.246142e-02 3.276635e+00) (0.000000e+00 0.000000e+00 0.000000e+00))
0.0006375     	((7.005879e-01 1.146984e+01 1.543579e+00) (5.587353e-03 3.339364e-01 -7.085503e-03) (0.000000e+00 0.000000e+00 0.000000e+00)) ((5.243365e+00 -1.445353e+01 1.075522e+02) (-3.457531e-01 7.245391e-02 3.276645e+00) (0.000000e+00 0.000000e+00 0.000000e+00))
0.00064       	((7.005626e-01 1.146984e+01 1.543601e+00) (5.587114e-03 3.339372e-01 -7.085880e-03) (0.000000e+00 0.000000e+00 0.000000e+00)) ((5.243578e+00 -1.445377e+01 1.075525e+02) (-3.457576e-01 7.245758e-02 3.276655e+00) (0.000000e+00 0.000000e+00 0.000000e+00))
0.0006425     	((7.005474e-01 1.146984e+01 1.543590e+00) (5.586355e-03 3.339372e-01 -7.084913e-03) (0.000000e+00 0.000000e+00 0.000000e+00)) ((5.243481e+00 -1.445367e+01 1.075526e+02) (-3.457479e-01 7.244706e-02 3.276663e+00) (0.000000e+00 0.000000e+00 0.000000e+00))
0.000645      	((7.005170e-01 1.146983e+01 1.543621e+00) (5.586441e-03 3.339371e-01 -7.085344e-03) (0.000000e+00 0.000000e+00 0.000000e+00)) ((5.243795e+00 -1.445402e+01 1.075528e+02) (-3.457520e-01 7.245162e-02 3.276660e+00) (0.000000e+00 0.000000e+00 0.000000e+00))
0.0006475     	((7.005262e-01 1.146982e+01 1.543606e+00) (5.586408e-03 3.339362e-01 -7.084743e-03) (0.000000e+00 0.000000e+00 0.000000e+00)) ((5.243668e+00 -1.445386e+01 1.075526e+02) (-3.457450e-01 7.244546e-02 3.276652e+00) (0.000000e+00 0.000000e+00 0.000000e+00))
0.00065       	((7.005349e-01 1.146982e+01 1.543624e+00) (5.587189e-03 3.339356e-01 -7.085646e-03) (0.000000e+00 0.000000e+00 0.000000e+00)) ((5.243838e+00 -1.445403e+01 1.075525e+02) (-3.457535e-01 7.245537e-02 3.276639e+00) (0.000000e+00 0.000000e+00 0.000000e+00))
0.0006525     	((7.005754e-01 1.146982e+01 1.543595e+00) (5.587435e-03 3.339351e-01 -7.085339e-03) (0.000000e+00 0.000000e+00 0.000000e+00)) ((5.243552e+00 -1.445370e+01 1.075522e+02) (-3.457499e-01 7.245238e-02 3.276631e+00) (0.000000e+00 0.000000e+00 0.000000e+00))
0.000655      	((7.005916e-01 1.146984e+01 1.543606e+00) (5.587979e-03 3.339355e-01 -7.086196e-03) (0.000000e+00 0.000000e+00 0.000000e+00)) ((5.243637e+00 -1.445380e+01 1.075521e+02) (-3.457589e-01 7.246158e-02 3.276629e+00) (0.000000e+00 0.000000e+00 0.000000e+00))
0.0006575     	((7.006113e-01 1.146985e+01 1.543580e+00) (5.587573e-03 3.339359e-01 -7.085559e-03) (0.000000e+00 0.000000e+00 0.000000e+00)) ((5.243374e+00 -1.445352e+01 1.075520e+02) (-3.457529e-01 7.245467e-02 3.276637e+00) (0.000000e+00 0.000000e+00 0.000000e+00))
0.00066       	((7.005898e-01 1.146985e+01 1.543601e+00) (5.587391e-03 3.339367e-01 -7.085971e-03) (0.000000e+00 0.000000e+00 0.000000e+00)) ((5.243573e+00 -1.445375e+01 1.075523e+02) (-3.457579e-01 7.245875e-02 3.276647e+00) (0.000000e+00 0.000000e+00 0.000000e+00))
0.0006625     	((7.005747e-01 1.146985e+01 1.543589e+00) (5.586601e-03 3.339369e-01 -7.084995e-03) (0.000000e+00 0.000000e+00 0.000000e+00)) ((5.243463e+00 -1.445364e+01 1.075524e+02) (-3.457482e-01 7.244811e-02 3.276657e+00) (0.000000e+00 0.000000e+00 0.000000e+00))
0.000665      	((7.005394e-01 1.146984e+01 1.543621e+00) (5.586578e-03 3.339369e-01 -7.085365e-03) (0.000000e+00 0.000000e+00 0.000000e+00)) ((5.243780e+00 -1.445399e+01 1.075527e+02) (-3.457519e-01 7.245195e-02 3.276657e+00) (0.000000e+00 0.000000e+00 0.000000e+00))
0.0006675     	((7.005401e-01 1.146984e+01 1.543608e+00) (5.586409e-03 3.339361e-01 -7.084674e-03) (0.000000e+00 0.000000e+00 0.000000e+00)) ((5.243669e+00 -1.445386e+01 1.075526e+02) (-3.457441e-01 7.244477e-02 3.276652e+00) (0.000000e+00 0.000000e+00 0.000000e+00))
0.00067       	((7.005410e-01 1.146983e+01 1.543627e+00) (5.587118e-03 3.339356e-01 -7.085502e-03) (0.000000e+00 0.000000e+00 0.000000e+00)) ((5.243856e+00 -1.445406e+01 1.075526e+02) (-3.457518e-01 7.245387e-02 3.276639e+00) (0.000000e+00 0.000000e+00 0.000000e+00))
0.0006725     	((7.005760e-01 1.146984e+01 1.543599e+00) (5.587355e-03 3.339350e-01 -7.085178e-03) (0.000000e+00 0.000000e+00 0.000000e+00)) ((5.243579e+00 -1.445374e+01 1.075523e+02) (-3.457480e-01 7.245072e-02 3.276631e+00) (0.000000e+00 0.000000e+00 0.000000e+00))
0.000675      	((7.005912e-01 1.146985e+01 1.543609e+00) (5.587967e-03 3.339352e-01 -7.086064e-03) (0.000000e+00 0.000000e+00 0.000000e+00)) ((5.243654e+00 -1.445382e+01 1.075522e+02) (-3.457571e-01 7.246029e-02 3.276627e+00) (0.000000e+00 0.000000e+00 0.000000e+00))
0.0006775     	((7.006132e-01 1.146986e+01 1.543580e+00) (5.587654e-03 3.339356e-01 -7.085487e-03) (0.000000e+00 0.000000e+00 0.000000e+00)) ((5.243361e+00 -1.445351e+01 1.075521e+02) (-3.457517e-01 7.245407e-02 3.276633e+00) (0.000000e+00 0.000000e+00 0.000000e+00))
0.00068       	((7.005947e-01 1.146987e+01 1.543597e+00) (5.587531e-03 3.339364e-01 -7.085956e-03) (0.000000e+00 0.000000e+00 0.000000e+00)) ((5.243518e+00 -1.445370e+01 1.075524e+02) (-3.457573e-01 7.245877e-02 3.276643e+00) (0.000000e+00 0.000000e+00 0.000000e+00))
0.0006825     	((7.005803e-01 1.146987e+01 1.543581e+00) (5.586726e-03 3.339367e-01 -7.085001e-03) (0.000000e+00 0.000000e+00 0.000000e+00)) ((5.243369e+00 -1.445355e+01 1.075525e+02) (-3.457480e-01 7.244833e-02 3.276654e+00) (0.000000e+00 0.000000e+00 0.000000e+00))
0.000685      	((7.005413e-01 1.146986e+01 1.543610e+00) (5.586610e-03 3.339369e-01 -7.085344e-03) (0.000000e+00 0.000000e+00 0.000000e+00)) ((5.243663e+00 -1.445388e+01 1.075528e+02) (-3.457516e-01 7.245181e-02 3.276657e+00) (0.000000e+00 0.000000e+00 0.000000e+00))
0.0006875     	((7.005351e-01 1.146985e+01 1.543597e+00) (5.586315e-03 3.339363e-01 -7.084593e-03) (0.000000e+00 0.000000e+00 0.000000e+00)) ((5.243549e+00 -1.445375e+01 1.075528e+02) (-3.457434e-01 7.244391e-02 3.276654e+00) (0.000000e+00 0.000000e+00 0.000000e+00))
0.00069       	((7.005287e-01 1.146984e+01 1.543616e+00) (5.586936e-03 3.339357e-01 -7.085367e-03) (0.000000e+00 0.000000e+00 0.000000e+00)) ((5.243743e+00 -1.445395e+01 1.075528e+02) (-3.457505e-01 7.245239e-02 3.276642e+00) (0.000000e+00 0.000000e+00 0.000000e+00))
0.0006925     	((7.005584e-01 1.146984e+01 1.543589e+00) (5.587158e-03 3.339351e-01 -7.085031e-03) (0.000000e+00 0.000000e+00 0.000000e+00)) ((5.243476e+00 -1.445365e+01 1.075525e+02) (-3.457465e-01 7.244912e-02 3.276634e+00) (0.000000e+00 0.000000e+00 0.000000e+00))
0.000695      	((7.005741e-01 1.146985e+01 1.543597e+00) (5.587832e-03 3.339351e-01 -7.085957e-03) (0.000000e+00 0.000000e+00 0.000000e+00)) ((5.243538e+00 -1.445371e+01 1.075524e+02) (-3.457559e-01 7.245915e-02 3.276628e+00) (0.000000e+00 0.000000e+00 0.000000e+00))
0.0006975     	((7.006003e-01 1.146986e+01 1.543566e+00) (5.587622e-03 3.339354e-01 -7.085455e-03) (0.000000e+00 0.000000e+00 0.000000e+00)) ((5.243220e+00 -1.445337e+01 1.075522e+02) (-3.457511e-01 7.245377e-02 3.276632e+00) (0.000000e+00 0.000000e+00 0.000000e+00))
0.0007        	((7.005872e-01 1.146986e+01 1.543579e+00) (5.587582e-03 3.339362e-01 -7.086001e-03) (0.000000e+00 0.000000e+00 0.000000e+00)) ((5.243346e+00 -1.445352e+01 1.075524e+02) (-3.457575e-01 7.245932e-02 3.276641e+00) (0.000000e+00 0.000000e+00 0.000000e+00))
0.0007025     	((7.005763e-01 1.146986e+01 1.543561e+00) (5.586793e-03 3.339366e-01 -7.085091e-03) (0.000000e+00 0.000000e+00 0.000000e+00)) ((5.243172e+00 -1.445335e+01 1.075525e+02) (-3.457487e-01 7.244934e-02 3.276653e+00) (0.000000e+00 0.000000e+00 0.000000e+00))
