# Forces      
# CofR        : (0.000000e+00 0.000000e+00 0.000000e+00)
# Time        forces(pressure viscous porous)	moments(pressure viscous porous)
2.5e-06       	((7.287322e-01 1.151699e+01 3.632810e-01) (1.129807e-03 3.753809e-01 3.319668e-03) (0.000000e+00 0.000000e+00 0.000000e+00)) ((-6.982680e+00 -2.874652e+00 1.076658e+02) (-3.183775e-01 -3.330880e-02 3.729660e+00) (0.000000e+00 0.000000e+00 0.000000e+00))
5e-06         	((1.618623e+00 4.882431e+01 -3.780687e-01) (5.447797e-03 4.976279e-01 -1.336457e-03) (0.000000e+00 0.000000e+00 0.000000e+00)) ((-4.775649e+01 5.096119e+00 4.707781e+02) (-4.307535e-01 1.703607e-02 4.906634e+00) (0.000000e+00 0.000000e+00 0.000000e+00))
7.5e-06       	((-1.402826e+00 9.598208e+01 5.264923e+00) (1.083959e-02 4.665069e-01 -4.424220e-03) (0.000000e+00 0.000000e+00 0.000000e+00)) ((-3.945009e+01 -5.444156e+01 9.711860e+02) (-4.249004e-01 5.242169e-02 4.542058e+00) (0.000000e+00 0.000000e+00 0.000000e+00))
1e-05         	((9.815881e-01 6.586200e+01 -3.403297e-01) (1.266983e-02 4.013509e-01 -2.479503e-02) (0.000000e+00 0.000000e+00 0.000000e+00)) ((-6.182100e+01 4.157905e+00 6.470290e+02) (-5.640837e-01 2.554964e-01 3.874418e+00) (0.000000e+00 0.000000e+00 0.000000e+00))
1.25e-05      	((3.146809e+00 2.003502e+01 -5.244448e+00) (2.538382e-02 4.093769e-01 -3.335567e-03) (0.000000e+00 0.000000e+00 0.000000e+00)) ((-6.470310e+01 5.558791e+01 1.685025e+02) (-3.644683e-01 5.501356e-02 3.827881e+00) (0.000000e+00 0.000000e+00 0.000000e+00))
1.5e-05       	((1.707890e+00 4.950992e+00 -3.325614e+00) (1.844115e-02 3.637374e-01 -1.402903e-03) (0.000000e+00 0.000000e+00 0.000000e+00)) ((-3.283029e+01 3.509244e+01 3.249719e+01) (-3.092032e-01 2.948274e-02 3.443138e+00) (0.000000e+00 0.000000e+00 0.000000e+00))
1.75e-05      	((-1.432249e-01 9.079713e+00 9.756312e-01) (7.966818e-03 3.383526e-01 1.159404e-04) (0.000000e+00 0.000000e+00 0.000000e+00)) ((3.211242e+00 -9.682259e+00 9.217367e+01) (-2.762942e-01 4.080538e-03 3.294735e+00) (0.000000e+00 0.000000e+00 0.000000e+00))
2e-05         	((-5.552072e-01 1.483840e+01 2.823541e+00) (4.788634e-03 3.270655e-01 1.092919e-03) (0.000000e+00 0.000000e+00 0.000000e+00)) ((1.440151e+01 -2.855010e+01 1.536904e+02) (-2.588952e-01 -8.692725e-03 3.214614e+00) (0.000000e+00 0.000000e+00 0.000000e+00))
2.25e-05      	((-2.073931e-01 1.477843e+01 1.793115e+00) (1.816233e-03 3.127941e-01 -2.784978e-03) (0.000000e+00 0.000000e+00 0.000000e+00)) ((4.008438e+00 -1.791404e+01 1.496411e+02) (-2.833622e-01 2.711180e-02 3.102551e+00) (0.000000e+00 0.000000e+00 0.000000e+00))
2.5e-05       	((-5.224619e-02 1.035532e+01 -2.683492e-01) (1.137216e-03 3.033305e-01 -6.073583e-03) (0.000000e+00 0.000000e+00 0.000000e+00)) ((-1.164524e+01 2.823754e+00 1.040668e+02) (-3.054109e-01 5.926379e-02 3.015125e+00) (0.000000e+00 0.000000e+00 0.000000e+00))
2.75e-05      	((-1.158295e-01 6.956969e+00 -1.265649e+00) (3.419898e-03 2.979229e-01 -6.729748e-03) (0.000000e+00 0.000000e+00 0.000000e+00)) ((-1.774386e+01 1.271764e+01 7.086583e+01) (-3.053528e-01 6.801173e-02 2.938481e+00) (0.000000e+00 0.000000e+00 0.000000e+00))
3e-05         	((-1.849312e-01 7.069832e+00 -6.400100e-01) (4.027948e-03 2.914366e-01 -5.471031e-03) (0.000000e+00 0.000000e+00 0.000000e+00)) ((-1.154183e+01 6.401858e+00 7.265590e+01) (-2.858658e-01 5.606102e-02 2.867706e+00) (0.000000e+00 0.000000e+00 0.000000e+00))
3.25e-05      	((-1.249365e-01 9.187183e+00 6.454727e-01) (4.550602e-03 2.901937e-01 -2.915003e-03) (0.000000e+00 0.000000e+00 0.000000e+00)) ((-1.073398e+00 -6.372059e+00 9.309830e+01) (-2.596148e-01 3.111499e-02 2.849936e+00) (0.000000e+00 0.000000e+00 0.000000e+00))
3.5e-05       	((-1.022104e-02 1.060510e+01 1.399054e+00) (4.948899e-03 2.910010e-01 -8.929375e-04) (0.000000e+00 0.000000e+00 0.000000e+00)) ((4.735709e+00 -1.378165e+01 1.060365e+02) (-2.412341e-01 1.133261e-02 2.853866e+00) (0.000000e+00 0.000000e+00 0.000000e+00))
3.75e-05      	((3.854257e-02 1.021637e+01 1.252959e+00) (4.762196e-03 2.892121e-01 -4.793267e-04) (0.000000e+00 0.000000e+00 0.000000e+00)) ((3.513937e+00 -1.227587e+01 1.016692e+02) (-2.362891e-01 6.966017e-03 2.837843e+00) (0.000000e+00 0.000000e+00 0.000000e+00))
4e-05         	((-9.034724e-03 8.892953e+00 6.736367e-01) (4.527796e-03 2.849102e-01 -1.247016e-03) (0.000000e+00 0.000000e+00 0.000000e+00)) ((-9.375075e-01 -6.537146e+00 8.897878e+01) (-2.404308e-01 1.429934e-02 2.797301e+00) (0.000000e+00 0.000000e+00 0.000000e+00))
4.25e-05      	((-9.227310e-02 8.004887e+00 3.023598e-01) (4.428501e-03 2.794792e-01 -2.463227e-03) (0.000000e+00 0.000000e+00 0.000000e+00)) ((-3.679249e+00 -2.901824e+00 8.098360e+01) (-2.477652e-01 2.626295e-02 2.744154e+00) (0.000000e+00 0.000000e+00 0.000000e+00))
4.5e-05       	((-1.416021e-01 8.088153e+00 3.740663e-01) (4.474337e-03 2.753060e-01 -3.294863e-03) (0.000000e+00 0.000000e+00 0.000000e+00)) ((-2.995408e+00 -3.648168e+00 8.230988e+01) (-2.524441e-01 3.457526e-02 2.702078e+00) (0.000000e+00 0.000000e+00 0.000000e+00))
4.75e-05      	((-1.401331e-01 8.706766e+00 6.862674e-01) (4.533935e-03 2.736443e-01 -3.306730e-03) (0.000000e+00 0.000000e+00 0.000000e+00)) ((-5.066527e-01 -6.747752e+00 8.844473e+01) (-2.513942e-01 3.475566e-02 2.684867e+00) (0.000000e+00 0.000000e+00 0.000000e+00))
5e-05         	((-1.189346e-01 9.156109e+00 9.380946e-01) (4.519621e-03 2.736516e-01 -2.842523e-03) (0.000000e+00 0.000000e+00 0.000000e+00)) ((1.507131e+00 -9.235103e+00 9.269022e+01) (-2.472904e-01 3.011263e-02 2.685022e+00) (0.000000e+00 0.000000e+00 0.000000e+00))
5.25e-05      	((-1.030057e-01 9.157546e+00 1.004937e+00) (4.414592e-03 2.738367e-01 -2.415080e-03) (0.000000e+00 0.000000e+00 0.000000e+00)) ((2.118743e+00 -9.891781e+00 9.253116e+01) (-2.436594e-01 2.571953e-02 2.687873e+00) (0.000000e+00 0.000000e+00 0.000000e+00))
5.5e-05       	((-1.050973e-01 8.848292e+00 9.432494e-01) (4.232697e-03 2.734524e-01 -2.287097e-03) (0.000000e+00 0.000000e+00 0.000000e+00)) ((1.775059e+00 -9.288817e+00 8.946334e+01) (-2.424838e-01 2.422951e-02 2.685832e+00) (0.000000e+00 0.000000e+00 0.000000e+00))
5.75e-05      	((-1.132761e-01 8.539646e+00 8.702402e-01) (4.018674e-03 2.724313e-01 -2.432139e-03) (0.000000e+00 0.000000e+00 0.000000e+00)) ((1.335024e+00 -8.577662e+00 8.646680e+01) (-2.434157e-01 2.544053e-02 2.677772e+00) (0.000000e+00 0.000000e+00 0.000000e+00))
6e-05         	((-1.176952e-01 8.411453e+00 8.567352e-01) (3.830601e-03 2.711917e-01 -2.670944e-03) (0.000000e+00 0.000000e+00 0.000000e+00)) ((1.320223e+00 -8.452336e+00 8.523097e+01) (-2.450041e-01 2.762486e-02 2.667297e+00) (0.000000e+00 0.000000e+00 0.000000e+00))
6.25e-05      	((-1.125124e-01 8.444567e+00 8.933688e-01) (3.686405e-03 2.701092e-01 -2.917559e-03) (0.000000e+00 0.000000e+00 0.000000e+00)) ((1.647762e+00 -8.813552e+00 8.550523e+01) (-2.467970e-01 2.994684e-02 2.657964e+00) (0.000000e+00 0.000000e+00 0.000000e+00))
6.5e-05       	((-9.732447e-02 8.547440e+00 9.463199e-01) (3.530607e-03 2.693263e-01 -3.081221e-03) (0.000000e+00 0.000000e+00 0.000000e+00)) ((2.066646e+00 -9.325442e+00 8.637321e+01) (-2.480033e-01 3.144915e-02 2.651728e+00) (0.000000e+00 0.000000e+00 0.000000e+00))
6.75e-05      	((-7.631030e-02 8.620756e+00 9.891753e-01) (3.391681e-03 2.687371e-01 -3.174248e-03) (0.000000e+00 0.000000e+00 0.000000e+00)) ((2.411603e+00 -9.730759e+00 8.688826e+01) (-2.486419e-01 3.227326e-02 2.647255e+00) (0.000000e+00 0.000000e+00 0.000000e+00))
7e-05         	((-5.362392e-02 8.624572e+00 1.015738e+00) (3.265196e-03 2.681740e-01 -3.238286e-03) (0.000000e+00 0.000000e+00 0.000000e+00)) ((2.661734e+00 -9.972613e+00 8.669547e+01) (-2.489694e-01 3.282618e-02 2.642929e+00) (0.000000e+00 0.000000e+00 0.000000e+00))
7.25e-05      	((-3.283680e-02 8.579736e+00 1.033100e+00) (3.168454e-03 2.674791e-01 -3.305600e-03) (0.000000e+00 0.000000e+00 0.000000e+00)) ((2.867989e+00 -1.012446e+01 8.603927e+01) (-2.491589e-01 3.343945e-02 2.637000e+00) (0.000000e+00 0.000000e+00 0.000000e+00))
7.5e-05       	((-1.505379e-02 8.529393e+00 1.049756e+00) (3.064345e-03 2.669222e-01 -3.488539e-03) (0.000000e+00 0.000000e+00 0.000000e+00)) ((3.072786e+00 -1.027117e+01 8.536070e+01) (-2.506834e-01 3.518313e-02 2.632494e+00) (0.000000e+00 0.000000e+00 0.000000e+00))
7.75e-05      	((2.156233e-03 8.503036e+00 1.068510e+00) (2.959760e-03 2.663111e-01 -3.710790e-03) (0.000000e+00 0.000000e+00 0.000000e+00)) ((3.275439e+00 -1.043733e+01 8.492939e+01) (-2.525332e-01 3.731956e-02 2.627463e+00) (0.000000e+00 0.000000e+00 0.000000e+00))
8e-05         	((2.028629e-02 8.504973e+00 1.090774e+00) (2.857908e-03 2.657526e-01 -3.950495e-03) (0.000000e+00 0.000000e+00 0.000000e+00)) ((3.486507e+00 -1.063673e+01 8.477226e+01) (-2.546000e-01 3.963044e-02 2.622938e+00) (0.000000e+00 0.000000e+00 0.000000e+00))
8.25e-05      	((3.905444e-02 8.521716e+00 1.116045e+00) (2.771523e-03 2.653119e-01 -4.184718e-03) (0.000000e+00 0.000000e+00 0.000000e+00)) ((3.714734e+00 -1.086573e+01 8.475682e+01) (-2.567356e-01 4.190794e-02 2.619450e+00) (0.000000e+00 0.000000e+00 0.000000e+00))
8.5e-05       	((5.964323e-02 8.538448e+00 1.142255e+00) (2.746981e-03 2.649456e-01 -4.419703e-03) (0.000000e+00 0.000000e+00 0.000000e+00)) ((3.954396e+00 -1.110392e+01 8.472238e+01) (-2.589638e-01 4.422705e-02 2.616089e+00) (0.000000e+00 0.000000e+00 0.000000e+00))
8.75e-05      	((8.237831e-02 8.548535e+00 1.166720e+00) (2.709174e-03 2.645798e-01 -4.599962e-03) (0.000000e+00 0.000000e+00 0.000000e+00)) ((4.184917e+00 -1.132451e+01 8.459899e+01) (-2.606576e-01 4.600156e-02 2.612879e+00) (0.000000e+00 0.000000e+00 0.000000e+00))
9e-05         	((1.077502e-01 8.552934e+00 1.186757e+00) (2.635981e-03 2.643424e-01 -4.728488e-03) (0.000000e+00 0.000000e+00 0.000000e+00)) ((4.377550e+00 -1.150001e+01 8.439094e+01) (-2.618990e-01 4.725705e-02 2.611302e+00) (0.000000e+00 0.000000e+00 0.000000e+00))
9.25e-05      	((1.354208e-01 8.555113e+00 1.200781e+00) (2.589803e-03 2.641139e-01 -4.854844e-03) (0.000000e+00 0.000000e+00 0.000000e+00)) ((4.511972e+00 -1.161438e+01 8.413638e+01) (-2.631389e-01 4.849636e-02 2.609543e+00) (0.000000e+00 0.000000e+00 0.000000e+00))
9.5e-05       	((1.655646e-01 8.557562e+00 1.209417e+00) (2.573449e-03 2.639369e-01 -4.986705e-03) (0.000000e+00 0.000000e+00 0.000000e+00)) ((4.591593e+00 -1.167357e+01 8.385851e+01) (-2.644812e-01 4.980075e-02 2.607992e+00) (0.000000e+00 0.000000e+00 0.000000e+00))
9.75e-05      	((1.972733e-01 8.560188e+00 1.213896e+00) (2.570934e-03 2.637963e-01 -5.103772e-03) (0.000000e+00 0.000000e+00 0.000000e+00)) ((4.628626e+00 -1.169037e+01 8.356593e+01) (-2.657089e-01 5.096094e-02 2.606665e+00) (0.000000e+00 0.000000e+00 0.000000e+00))
0.0001        	((2.301085e-01 8.562149e+00 1.215563e+00) (2.596801e-03 2.637050e-01 -5.217643e-03) (0.000000e+00 0.000000e+00 0.000000e+00)) ((4.637379e+00 -1.167854e+01 8.325491e+01) (-2.669432e-01 5.210394e-02 2.605540e+00) (0.000000e+00 0.000000e+00 0.000000e+00))
0.0001025     	((2.625302e-01 8.562901e+00 1.215213e+00) (2.630864e-03 2.636342e-01 -5.311009e-03) (0.000000e+00 0.000000e+00 0.000000e+00)) ((4.626390e+00 -1.164705e+01 8.293589e+01) (-2.679835e-01 5.304849e-02 2.604539e+00) (0.000000e+00 0.000000e+00 0.000000e+00))
0.000105      	((2.932901e-01 8.562838e+00 1.213241e+00) (2.676878e-03 2.635792e-01 -5.384623e-03) (0.000000e+00 0.000000e+00 0.000000e+00)) ((4.599554e+00 -1.160081e+01 8.262562e+01) (-2.688272e-01 5.380634e-02 2.603571e+00) (0.000000e+00 0.000000e+00 0.000000e+00))
0.0001075     	((3.215072e-01 8.562665e+00 1.209934e+00) (2.733090e-03 2.635284e-01 -5.446888e-03) (0.000000e+00 0.000000e+00 0.000000e+00)) ((4.559436e+00 -1.154335e+01 8.234010e+01) (-2.695484e-01 5.446260e-02 2.602541e+00) (0.000000e+00 0.000000e+00 0.000000e+00))
0.00011       	((3.466279e-01 8.562603e+00 1.205692e+00) (2.796878e-03 2.634511e-01 -5.500139e-03) (0.000000e+00 0.000000e+00 0.000000e+00)) ((4.510189e+00 -1.147904e+01 8.208711e+01) (-2.701464e-01 5.503965e-02 2.601167e+00) (0.000000e+00 0.000000e+00 0.000000e+00))
0.0001125     	((3.685136e-01 8.562406e+00 1.201317e+00) (2.876148e-03 2.633424e-01 -5.550198e-03) (0.000000e+00 0.000000e+00 0.000000e+00)) ((4.460381e+00 -1.141606e+01 8.186558e+01) (-2.706762e-01 5.560075e-02 2.599318e+00) (0.000000e+00 0.000000e+00 0.000000e+00))
0.000115      	((3.871255e-01 8.561731e+00 1.197474e+00) (2.969064e-03 2.631968e-01 -5.601938e-03) (0.000000e+00 0.000000e+00 0.000000e+00)) ((4.417136e+00 -1.136117e+01 8.167242e+01) (-2.711848e-01 5.619314e-02 2.596956e+00) (0.000000e+00 0.000000e+00 0.000000e+00))
0.0001175     	((4.024357e-01 8.560162e+00 1.194593e+00) (3.070883e-03 2.630131e-01 -5.656448e-03) (0.000000e+00 0.000000e+00 0.000000e+00)) ((4.385106e+00 -1.131886e+01 8.150364e+01) (-2.716834e-01 5.682241e-02 2.594117e+00) (0.000000e+00 0.000000e+00 0.000000e+00))
0.00012       	((4.145153e-01 8.557526e+00 1.192799e+00) (3.171880e-03 2.627982e-01 -5.710956e-03) (0.000000e+00 0.000000e+00 0.000000e+00)) ((4.365548e+00 -1.129045e+01 8.135669e+01) (-2.721527e-01 5.745096e-02 2.590970e+00) (0.000000e+00 0.000000e+00 0.000000e+00))
0.0001225     	((4.234444e-01 8.553870e+00 1.192003e+00) (3.266755e-03 2.625621e-01 -5.762969e-03) (0.000000e+00 0.000000e+00 0.000000e+00)) ((4.357423e+00 -1.127510e+01 8.123108e+01) (-2.725784e-01 5.804776e-02 2.587670e+00) (0.000000e+00 0.000000e+00 0.000000e+00))
0.000125      	((4.294889e-01 8.549692e+00 1.191938e+00) (3.354007e-03 2.623107e-01 -5.809236e-03) (0.000000e+00 0.000000e+00 0.000000e+00)) ((4.357499e+00 -1.126995e+01 8.112902e+01) (-2.729331e-01 5.857855e-02 2.584290e+00) (0.000000e+00 0.000000e+00 0.000000e+00))
0.0001275     	((4.332856e-01 8.545497e+00 1.192306e+00) (3.428444e-03 2.620491e-01 -5.852260e-03) (0.000000e+00 0.000000e+00 0.000000e+00)) ((4.362283e+00 -1.127148e+01 8.104906e+01) (-2.732463e-01 5.906274e-02 2.580936e+00) (0.000000e+00 0.000000e+00 0.000000e+00))
0.00013       	((4.356083e-01 8.541644e+00 1.192949e+00) (3.493313e-03 2.617851e-01 -5.886995e-03) (0.000000e+00 0.000000e+00 0.000000e+00)) ((4.369828e+00 -1.127733e+01 8.098699e+01) (-2.734736e-01 5.945207e-02 2.577653e+00) (0.000000e+00 0.000000e+00 0.000000e+00))
0.0001325     	((4.371218e-01 8.538324e+00 1.193917e+00) (3.548804e-03 2.615272e-01 -5.913623e-03) (0.000000e+00 0.000000e+00 0.000000e+00)) ((4.380438e+00 -1.128723e+01 8.093804e+01) (-2.736228e-01 5.974917e-02 2.574523e+00) (0.000000e+00 0.000000e+00 0.000000e+00))
0.000135      	((4.384288e-01 8.535594e+00 1.195315e+00) (3.593512e-03 2.612762e-01 -5.934262e-03) (0.000000e+00 0.000000e+00 0.000000e+00)) ((4.395106e+00 -1.130150e+01 8.089678e+01) (-2.737156e-01 5.997512e-02 2.571570e+00) (0.000000e+00 0.000000e+00 0.000000e+00))
0.0001375     	((4.394961e-01 8.533171e+00 1.197146e+00) (3.632819e-03 2.610368e-01 -5.947263e-03) (0.000000e+00 0.000000e+00 0.000000e+00)) ((4.414073e+00 -1.132002e+01 8.086083e+01) (-2.737379e-01 6.011927e-02 2.568787e+00) (0.000000e+00 0.000000e+00 0.000000e+00))
0.00014       	((4.402115e-01 8.531128e+00 1.199282e+00) (3.663852e-03 2.608106e-01 -5.953864e-03) (0.000000e+00 0.000000e+00 0.000000e+00)) ((4.435931e+00 -1.134151e+01 8.083222e+01) (-2.737031e-01 6.019314e-02 2.566218e+00) (0.000000e+00 0.000000e+00 0.000000e+00))
0.0001425     	((4.406514e-01 8.529611e+00 1.201421e+00) (3.686476e-03 2.605975e-01 -5.956199e-03) (0.000000e+00 0.000000e+00 0.000000e+00)) ((4.457408e+00 -1.136285e+01 8.081171e+01) (-2.736314e-01 6.021865e-02 2.563864e+00) (0.000000e+00 0.000000e+00 0.000000e+00))
0.000145      	((4.408213e-01 8.528943e+00 1.203428e+00) (3.705259e-03 2.603948e-01 -5.953119e-03) (0.000000e+00 0.000000e+00 0.000000e+00)) ((4.476787e+00 -1.138261e+01 8.080253e+01) (-2.735075e-01 6.018846e-02 2.561653e+00) (0.000000e+00 0.000000e+00 0.000000e+00))
0.0001475     	((4.407769e-01 8.529046e+00 1.205309e+00) (3.722456e-03 2.602020e-01 -5.946559e-03) (0.000000e+00 0.000000e+00 0.000000e+00)) ((4.494204e+00 -1.140090e+01 8.080327e+01) (-2.733511e-01 6.012412e-02 2.559556e+00) (0.000000e+00 0.000000e+00 0.000000e+00))
0.00015       	((4.406901e-01 8.529817e+00 1.207075e+00) (3.735997e-03 2.600208e-01 -5.938918e-03) (0.000000e+00 0.000000e+00 0.000000e+00)) ((4.509876e+00 -1.141774e+01 8.081114e+01) (-2.731881e-01 6.004782e-02 2.557610e+00) (0.000000e+00 0.000000e+00 0.000000e+00))
0.0001525     	((4.407987e-01 8.531078e+00 1.208700e+00) (3.747697e-03 2.598525e-01 -5.928492e-03) (0.000000e+00 0.000000e+00 0.000000e+00)) ((4.523759e+00 -1.143283e+01 8.082186e+01) (-2.730023e-01 5.994471e-02 2.555812e+00) (0.000000e+00 0.000000e+00 0.000000e+00))
0.000155      	((4.413102e-01 8.532675e+00 1.210114e+00) (3.759132e-03 2.596975e-01 -5.915570e-03) (0.000000e+00 0.000000e+00 0.000000e+00)) ((4.535286e+00 -1.144544e+01 8.083175e+01) (-2.727972e-01 5.981891e-02 2.554147e+00) (0.000000e+00 0.000000e+00 0.000000e+00))
0.0001575     	((4.422858e-01 8.534489e+00 1.211265e+00) (3.768836e-03 2.595551e-01 -5.905680e-03) (0.000000e+00 0.000000e+00 0.000000e+00)) ((4.544029e+00 -1.145513e+01 8.083896e+01) (-2.726294e-01 5.972383e-02 2.552626e+00) (0.000000e+00 0.000000e+00 0.000000e+00))
0.00016       	((4.437081e-01 8.536437e+00 1.212184e+00) (3.778896e-03 2.594231e-01 -5.894234e-03) (0.000000e+00 0.000000e+00 0.000000e+00)) ((4.550376e+00 -1.146229e+01 8.084282e+01) (-2.724507e-01 5.961492e-02 2.551204e+00) (0.000000e+00 0.000000e+00 0.000000e+00))
0.0001625     	((4.455237e-01 8.538426e+00 1.212963e+00) (3.789191e-03 2.593011e-01 -5.880933e-03) (0.000000e+00 0.000000e+00 0.000000e+00)) ((4.555340e+00 -1.146790e+01 8.084297e+01) (-2.722574e-01 5.948914e-02 2.549878e+00) (0.000000e+00 0.000000e+00 0.000000e+00))
0.000165      	((4.476934e-01 8.540413e+00 1.213670e+00) (3.800693e-03 2.591874e-01 -5.863181e-03) (0.000000e+00 0.000000e+00 0.000000e+00)) ((4.559633e+00 -1.147264e+01 8.083942e+01) (-2.720217e-01 5.932107e-02 2.548623e+00) (0.000000e+00 0.000000e+00 0.000000e+00))
0.0001675     	((4.501309e-01 8.542404e+00 1.214262e+00) (3.811065e-03 2.590820e-01 -5.844290e-03) (0.000000e+00 0.000000e+00 0.000000e+00)) ((4.562819e+00 -1.147615e+01 8.083317e+01) (-2.717778e-01 5.914140e-02 2.547462e+00) (0.000000e+00 0.000000e+00 0.000000e+00))
0.00017       	((4.527273e-01 8.544382e+00 1.214713e+00) (3.822561e-03 2.589836e-01 -5.820001e-03) (0.000000e+00 0.000000e+00 0.000000e+00)) ((4.564636e+00 -1.147824e+01 8.082520e+01) (-2.714817e-01 5.890918e-02 2.546359e+00) (0.000000e+00 0.000000e+00 0.000000e+00))
0.0001725     	((4.553434e-01 8.546287e+00 1.214984e+00) (3.833971e-03 2.588918e-01 -5.791615e-03) (0.000000e+00 0.000000e+00 0.000000e+00)) ((4.564717e+00 -1.147861e+01 8.081638e+01) (-2.711468e-01 5.863625e-02 2.545323e+00) (0.000000e+00 0.000000e+00 0.000000e+00))
0.000175      	((4.578995e-01 8.548053e+00 1.215025e+00) (3.845163e-03 2.588060e-01 -5.757719e-03) (0.000000e+00 0.000000e+00 0.000000e+00)) ((4.562628e+00 -1.147681e+01 8.080691e+01) (-2.707582e-01 5.830824e-02 2.544350e+00) (0.000000e+00 0.000000e+00 0.000000e+00))
0.0001775     	((4.603574e-01 8.549627e+00 1.214734e+00) (3.853912e-03 2.587277e-01 -5.722893e-03) (0.000000e+00 0.000000e+00 0.000000e+00)) ((4.557380e+00 -1.147178e+01 8.079670e+01) (-2.703636e-01 5.796933e-02 2.543477e+00) (0.000000e+00 0.000000e+00 0.000000e+00))
0.00018       	((4.627878e-01 8.550953e+00 1.214035e+00) (3.862182e-03 2.586561e-01 -5.683722e-03) (0.000000e+00 0.000000e+00 0.000000e+00)) ((4.548292e+00 -1.146270e+01 8.078451e+01) (-2.699280e-01 5.758705e-02 2.542677e+00) (0.000000e+00 0.000000e+00 0.000000e+00))
0.0001825     	((4.652215e-01 8.552003e+00 1.212866e+00) (3.869519e-03 2.585901e-01 -5.642819e-03) (0.000000e+00 0.000000e+00 0.000000e+00)) ((4.534781e+00 -1.144887e+01 8.076976e+01) (-2.694768e-01 5.718733e-02 2.541943e+00) (0.000000e+00 0.000000e+00 0.000000e+00))
0.000185      	((4.676644e-01 8.552773e+00 1.211197e+00) (3.875350e-03 2.585300e-01 -5.601368e-03) (0.000000e+00 0.000000e+00 0.000000e+00)) ((4.516561e+00 -1.142999e+01 8.075233e+01) (-2.690221e-01 5.678160e-02 2.541284e+00) (0.000000e+00 0.000000e+00 0.000000e+00))
0.0001875     	((4.701111e-01 8.553258e+00 1.209047e+00) (3.880826e-03 2.584755e-01 -5.561075e-03) (0.000000e+00 0.000000e+00 0.000000e+00)) ((4.493845e+00 -1.140627e+01 8.073223e+01) (-2.685815e-01 5.638788e-02 2.540687e+00) (0.000000e+00 0.000000e+00 0.000000e+00))
0.00019       	((4.725792e-01 8.553455e+00 1.206477e+00) (3.886544e-03 2.584266e-01 -5.522935e-03) (0.000000e+00 0.000000e+00 0.000000e+00)) ((4.467267e+00 -1.137832e+01 8.070921e+01) (-2.681653e-01 5.601633e-02 2.540144e+00) (0.000000e+00 0.000000e+00 0.000000e+00))
0.0001925     	((4.751038e-01 8.553372e+00 1.203587e+00) (3.893093e-03 2.583829e-01 -5.488124e-03) (0.000000e+00 0.000000e+00 0.000000e+00)) ((4.437848e+00 -1.134713e+01 8.068294e+01) (-2.677851e-01 5.567910e-02 2.539644e+00) (0.000000e+00 0.000000e+00 0.000000e+00))
0.000195      	((4.777162e-01 8.553048e+00 1.200491e+00) (3.900856e-03 2.583439e-01 -5.457113e-03) (0.000000e+00 0.000000e+00 0.000000e+00)) ((4.406691e+00 -1.131382e+01 8.065347e+01) (-2.674458e-01 5.538094e-02 2.539179e+00) (0.000000e+00 0.000000e+00 0.000000e+00))
0.0001975     	((4.803862e-01 8.552526e+00 1.197292e+00) (3.909337e-03 2.583106e-01 -5.429796e-03) (0.000000e+00 0.000000e+00 0.000000e+00)) ((4.374768e+00 -1.127945e+01 8.062148e+01) (-2.671468e-01 5.512069e-02 2.538764e+00) (0.000000e+00 0.000000e+00 0.000000e+00))
0.0002        	((4.831140e-01 8.551860e+00 1.194090e+00) (3.919107e-03 2.582809e-01 -5.406998e-03) (0.000000e+00 0.000000e+00 0.000000e+00)) ((4.343030e+00 -1.124503e+01 8.058748e+01) (-2.668955e-01 5.490634e-02 2.538372e+00) (0.000000e+00 0.000000e+00 0.000000e+00))
0.0002025     	((4.858587e-01 8.551116e+00 1.190982e+00) (3.930557e-03 2.582544e-01 -5.388813e-03) (0.000000e+00 0.000000e+00 0.000000e+00)) ((4.312370e+00 -1.121158e+01 8.055253e+01) (-2.666927e-01 5.473905e-02 2.537995e+00) (0.000000e+00 0.000000e+00 0.000000e+00))
0.000205      	((4.885966e-01 8.550352e+00 1.188040e+00) (3.943335e-03 2.582307e-01 -5.374890e-03) (0.000000e+00 0.000000e+00 0.000000e+00)) ((4.283431e+00 -1.117980e+01 8.051744e+01) (-2.665347e-01 5.461483e-02 2.537631e+00) (0.000000e+00 0.000000e+00 0.000000e+00))
0.0002075     	((4.912684e-01 8.549590e+00 1.185324e+00) (3.958070e-03 2.582089e-01 -5.365151e-03) (0.000000e+00 0.000000e+00 0.000000e+00)) ((4.256803e+00 -1.115036e+01 8.048301e+01) (-2.664203e-01 5.453363e-02 2.537267e+00) (0.000000e+00 0.000000e+00 0.000000e+00))
0.00021       	((4.938498e-01 8.548833e+00 1.182860e+00) (3.974607e-03 2.581881e-01 -5.358953e-03) (0.000000e+00 0.000000e+00 0.000000e+00)) ((4.232717e+00 -1.112353e+01 8.044951e+01) (-2.663421e-01 5.448892e-02 2.536894e+00) (0.000000e+00 0.000000e+00 0.000000e+00))
0.0002125     	((4.963181e-01 8.548082e+00 1.180663e+00) (3.992374e-03 2.581679e-01 -5.355858e-03) (0.000000e+00 0.000000e+00 0.000000e+00)) ((4.211319e+00 -1.109946e+01 8.041718e+01) (-2.662955e-01 5.447592e-02 2.536514e+00) (0.000000e+00 0.000000e+00 0.000000e+00))
0.000215      	((4.986650e-01 8.547374e+00 1.178718e+00) (4.010409e-03 2.581481e-01 -5.354853e-03) (0.000000e+00 0.000000e+00 0.000000e+00)) ((4.192420e+00 -1.107802e+01 8.038648e+01) (-2.662700e-01 5.448364e-02 2.536136e+00) (0.000000e+00 0.000000e+00 0.000000e+00))
0.0002175     	((5.009114e-01 8.546727e+00 1.177015e+00) (4.029245e-03 2.581284e-01 -5.355744e-03) (0.000000e+00 0.000000e+00 0.000000e+00)) ((4.175884e+00 -1.105909e+01 8.035737e+01) (-2.662638e-01 5.451052e-02 2.535750e+00) (0.000000e+00 0.000000e+00 0.000000e+00))
0.00022       	((5.030611e-01 8.546155e+00 1.175535e+00) (4.048154e-03 2.581089e-01 -5.357530e-03) (0.000000e+00 0.000000e+00 0.000000e+00)) ((4.161512e+00 -1.104249e+01 8.032995e+01) (-2.662668e-01 5.454594e-02 2.535366e+00) (0.000000e+00 0.000000e+00 0.000000e+00))
0.0002225     	((5.051101e-01 8.545658e+00 1.174268e+00) (4.066984e-03 2.580896e-01 -5.360070e-03) (0.000000e+00 0.000000e+00 0.000000e+00)) ((4.149198e+00 -1.102811e+01 8.030426e+01) (-2.662775e-01 5.458847e-02 2.534983e+00) (0.000000e+00 0.000000e+00 0.000000e+00))
0.000225      	((5.070517e-01 8.545229e+00 1.173191e+00) (4.085410e-03 2.580703e-01 -5.362636e-03) (0.000000e+00 0.000000e+00 0.000000e+00)) ((4.138731e+00 -1.101575e+01 8.028029e+01) (-2.662886e-01 5.463058e-02 2.534605e+00) (0.000000e+00 0.000000e+00 0.000000e+00))
0.0002275     	((5.088856e-01 8.544864e+00 1.172292e+00) (4.103592e-03 2.580511e-01 -5.365160e-03) (0.000000e+00 0.000000e+00 0.000000e+00)) ((4.129976e+00 -1.100528e+01 8.025801e+01) (-2.662994e-01 5.467179e-02 2.534229e+00) (0.000000e+00 0.000000e+00 0.000000e+00))
0.00023       	((5.106285e-01 8.544567e+00 1.171543e+00) (4.121381e-03 2.580320e-01 -5.367151e-03) (0.000000e+00 0.000000e+00 0.000000e+00)) ((4.122652e+00 -1.099640e+01 8.023729e+01) (-2.663048e-01 5.470705e-02 2.533859e+00) (0.000000e+00 0.000000e+00 0.000000e+00))
0.0002325     	((5.122935e-01 8.544340e+00 1.170926e+00) (4.138799e-03 2.580131e-01 -5.368752e-03) (0.000000e+00 0.000000e+00 0.000000e+00)) ((4.116589e+00 -1.098894e+01 8.021801e+01) (-2.663064e-01 5.473789e-02 2.533494e+00) (0.000000e+00 0.000000e+00 0.000000e+00))
0.000235      	((5.138994e-01 8.544181e+00 1.170416e+00) (4.155562e-03 2.579943e-01 -5.369576e-03) (0.000000e+00 0.000000e+00 0.000000e+00)) ((4.111539e+00 -1.098262e+01 8.019998e+01) (-2.663002e-01 5.476018e-02 2.533137e+00) (0.000000e+00 0.000000e+00 0.000000e+00))
0.0002375     	((5.154481e-01 8.544087e+00 1.169998e+00) (4.171678e-03 2.579759e-01 -5.369846e-03) (0.000000e+00 0.000000e+00 0.000000e+00)) ((4.107344e+00 -1.097728e+01 8.018315e+01) (-2.662886e-01 5.477626e-02 2.532789e+00) (0.000000e+00 0.000000e+00 0.000000e+00))
0.00024       	((5.169485e-01 8.544058e+00 1.169642e+00) (4.186987e-03 2.579578e-01 -5.369308e-03) (0.000000e+00 0.000000e+00 0.000000e+00)) ((4.103712e+00 -1.097260e+01 8.016743e+01) (-2.662692e-01 5.478342e-02 2.532453e+00) (0.000000e+00 0.000000e+00 0.000000e+00))
0.0002425     	((5.184012e-01 8.544090e+00 1.169337e+00) (4.201625e-03 2.579405e-01 -5.368289e-03) (0.000000e+00 0.000000e+00 0.000000e+00)) ((4.100534e+00 -1.096849e+01 8.015277e+01) (-2.662454e-01 5.478515e-02 2.532130e+00) (0.000000e+00 0.000000e+00 0.000000e+00))
0.000245      	((5.198171e-01 8.544177e+00 1.169074e+00) (4.216634e-03 2.579233e-01 -5.365361e-03) (0.000000e+00 0.000000e+00 0.000000e+00)) ((4.097737e+00 -1.096484e+01 8.013902e+01) (-2.662023e-01 5.476808e-02 2.531806e+00) (0.000000e+00 0.000000e+00 0.000000e+00))
0.0002475     	((5.212043e-01 8.544319e+00 1.168807e+00) (4.229792e-03 2.579079e-01 -5.365837e-03) (0.000000e+00 0.000000e+00 0.000000e+00)) ((4.094832e+00 -1.096115e+01 8.012611e+01) (-2.661954e-01 5.478338e-02 2.531518e+00) (0.000000e+00 0.000000e+00 0.000000e+00))
0.00025       	((5.225573e-01 8.544473e+00 1.168537e+00) (4.242720e-03 2.578952e-01 -5.364024e-03) (0.000000e+00 0.000000e+00 0.000000e+00)) ((4.091902e+00 -1.095747e+01 8.011365e+01) (-2.661678e-01 5.477557e-02 2.531259e+00) (0.000000e+00 0.000000e+00 0.000000e+00))
0.0002525     	((5.238007e-01 8.544596e+00 1.168291e+00) (4.253566e-03 2.578848e-01 -5.360525e-03) (0.000000e+00 0.000000e+00 0.000000e+00)) ((4.089239e+00 -1.095412e+01 8.010201e+01) (-2.661252e-01 5.474911e-02 2.531043e+00) (0.000000e+00 0.000000e+00 0.000000e+00))
0.000255      	((5.249466e-01 8.544667e+00 1.168063e+00) (4.264364e-03 2.578746e-01 -5.355213e-03) (0.000000e+00 0.000000e+00 0.000000e+00)) ((4.086827e+00 -1.095104e+01 8.009085e+01) (-2.660642e-01 5.470449e-02 2.530830e+00) (0.000000e+00 0.000000e+00 0.000000e+00))
0.0002575     	((5.260176e-01 8.544717e+00 1.167804e+00) (4.272522e-03 2.578657e-01 -5.352685e-03) (0.000000e+00 0.000000e+00 0.000000e+00)) ((4.084135e+00 -1.094771e+01 8.008025e+01) (-2.660322e-01 5.468548e-02 2.530657e+00) (0.000000e+00 0.000000e+00 0.000000e+00))
0.00026       	((5.270501e-01 8.544752e+00 1.167507e+00) (4.281297e-03 2.578573e-01 -5.348727e-03) (0.000000e+00 0.000000e+00 0.000000e+00)) ((4.081086e+00 -1.094402e+01 8.006992e+01) (-2.659858e-01 5.465284e-02 2.530483e+00) (0.000000e+00 0.000000e+00 0.000000e+00))
0.0002625     	((5.280306e-01 8.544772e+00 1.167188e+00) (4.290101e-03 2.578494e-01 -5.344751e-03) (0.000000e+00 0.000000e+00 0.000000e+00)) ((4.077831e+00 -1.094013e+01 8.005997e+01) (-2.659394e-01 5.462026e-02 2.530313e+00) (0.000000e+00 0.000000e+00 0.000000e+00))
0.000265      	((5.289446e-01 8.544768e+00 1.166851e+00) (4.299690e-03 2.578416e-01 -5.339466e-03) (0.000000e+00 0.000000e+00 0.000000e+00)) ((4.074437e+00 -1.093611e+01 8.005049e+01) (-2.658796e-01 5.457546e-02 2.530137e+00) (0.000000e+00 0.000000e+00 0.000000e+00))
0.0002675     	((5.297595e-01 8.544763e+00 1.166470e+00) (4.306751e-03 2.578355e-01 -5.337156e-03) (0.000000e+00 0.000000e+00 0.000000e+00)) ((4.070596e+00 -1.093172e+01 8.004203e+01) (-2.658511e-01 5.455838e-02 2.530003e+00) (0.000000e+00 0.000000e+00 0.000000e+00))
0.00027       	((5.304768e-01 8.544756e+00 1.166051e+00) (4.314094e-03 2.578300e-01 -5.333643e-03) (0.000000e+00 0.000000e+00 0.000000e+00)) ((4.066398e+00 -1.092702e+01 8.003457e+01) (-2.658108e-01 5.452965e-02 2.529873e+00) (0.000000e+00 0.000000e+00 0.000000e+00))
0.0002725     	((5.310751e-01 8.544745e+00 1.165624e+00) (4.321052e-03 2.578250e-01 -5.330326e-03) (0.000000e+00 0.000000e+00 0.000000e+00)) ((4.062119e+00 -1.092231e+01 8.002829e+01) (-2.657727e-01 5.450274e-02 2.529751e+00) (0.000000e+00 0.000000e+00 0.000000e+00))
0.000275      	((5.315493e-01 8.544721e+00 1.165195e+00) (4.328428e-03 2.578198e-01 -5.326035e-03) (0.000000e+00 0.000000e+00 0.000000e+00)) ((4.057857e+00 -1.091767e+01 8.002317e+01) (-2.657243e-01 5.446657e-02 2.529623e+00) (0.000000e+00 0.000000e+00 0.000000e+00))
0.0002775     	((5.318839e-01 8.544702e+00 1.164741e+00) (4.332964e-03 2.578160e-01 -5.324956e-03) (0.000000e+00 0.000000e+00 0.000000e+00)) ((4.053340e+00 -1.091289e+01 8.001955e+01) (-2.657095e-01 5.446022e-02 2.529538e+00) (0.000000e+00 0.000000e+00 0.000000e+00))
0.00028       	((5.320992e-01 8.544690e+00 1.164264e+00) (4.337493e-03 2.578125e-01 -5.322852e-03) (0.000000e+00 0.000000e+00 0.000000e+00)) ((4.048595e+00 -1.090794e+01 8.001723e+01) (-2.656844e-01 5.444372e-02 2.529457e+00) (0.000000e+00 0.000000e+00 0.000000e+00))
0.0002825     	((5.321970e-01 8.544686e+00 1.163789e+00) (4.341582e-03 2.578091e-01 -5.321053e-03) (0.000000e+00 0.000000e+00 0.000000e+00)) ((4.043880e+00 -1.090311e+01 8.001620e+01) (-2.656623e-01 5.443007e-02 2.529381e+00) (0.000000e+00 0.000000e+00 0.000000e+00))
0.000285      	((5.321987e-01 8.544689e+00 1.163327e+00) (4.346266e-03 2.578052e-01 -5.318329e-03) (0.000000e+00 0.000000e+00 0.000000e+00)) ((4.039290e+00 -1.089846e+01 8.001624e+01) (-2.656300e-01 5.440779e-02 2.529294e+00) (0.000000e+00 0.000000e+00 0.000000e+00))
0.0002875     	((5.321082e-01 8.544724e+00 1.162854e+00) (4.348464e-03 2.578022e-01 -5.318981e-03) (0.000000e+00 0.000000e+00 0.000000e+00)) ((4.034564e+00 -1.089376e+01 8.001755e+01) (-2.656325e-01 5.441723e-02 2.529242e+00) (0.000000e+00 0.000000e+00 0.000000e+00))
0.00029       	((5.319570e-01 8.544789e+00 1.162370e+00) (4.351065e-03 2.577995e-01 -5.318845e-03) (0.000000e+00 0.000000e+00 0.000000e+00)) ((4.029705e+00 -1.088898e+01 8.001978e+01) (-2.656272e-01 5.441923e-02 2.529188e+00) (0.000000e+00 0.000000e+00 0.000000e+00))
0.0002925     	((5.317455e-01 8.544871e+00 1.161905e+00) (4.353414e-03 2.577973e-01 -5.319080e-03) (0.000000e+00 0.000000e+00 0.000000e+00)) ((4.025017e+00 -1.088442e+01 8.002281e+01) (-2.656260e-01 5.442484e-02 2.529143e+00) (0.000000e+00 0.000000e+00 0.000000e+00))
0.000295      	((5.314861e-01 8.544956e+00 1.161464e+00) (4.356170e-03 2.577953e-01 -5.318118e-03) (0.000000e+00 0.000000e+00 0.000000e+00)) ((4.020575e+00 -1.088013e+01 8.002635e+01) (-2.656128e-01 5.441884e-02 2.529094e+00) (0.000000e+00 0.000000e+00 0.000000e+00))
0.0002975     	((5.311679e-01 8.545055e+00 1.161023e+00) (4.356091e-03 2.577949e-01 -5.320112e-03) (0.000000e+00 0.000000e+00 0.000000e+00)) ((4.016111e+00 -1.087587e+01 8.003065e+01) (-2.656308e-01 5.443996e-02 2.529091e+00) (0.000000e+00 0.000000e+00 0.000000e+00))
0.0003        	((5.308163e-01 8.545161e+00 1.160580e+00) (4.356072e-03 2.577947e-01 -5.320765e-03) (0.000000e+00 0.000000e+00 0.000000e+00)) ((4.011631e+00 -1.087163e+01 8.003535e+01) (-2.656354e-01 5.444770e-02 2.529090e+00) (0.000000e+00 0.000000e+00 0.000000e+00))
0.0003025     	((5.304387e-01 8.545267e+00 1.160157e+00) (4.355832e-03 2.577945e-01 -5.321484e-03) (0.000000e+00 0.000000e+00 0.000000e+00)) ((4.007356e+00 -1.086760e+01 8.004031e+01) (-2.656404e-01 5.445597e-02 2.529090e+00) (0.000000e+00 0.000000e+00 0.000000e+00))
0.000305      	((5.300657e-01 8.545376e+00 1.159742e+00) (4.355362e-03 2.577939e-01 -5.322176e-03) (0.000000e+00 0.000000e+00 0.000000e+00)) ((4.003159e+00 -1.086364e+01 8.004525e+01) (-2.656447e-01 5.446373e-02 2.529088e+00) (0.000000e+00 0.000000e+00 0.000000e+00))
0.0003075     	((5.297132e-01 8.545494e+00 1.159340e+00) (4.355134e-03 2.577931e-01 -5.323486e-03) (0.000000e+00 0.000000e+00 0.000000e+00)) ((3.999080e+00 -1.085980e+01 8.005007e+01) (-2.656548e-01 5.447796e-02 2.529083e+00) (0.000000e+00 0.000000e+00 0.000000e+00))
0.00031       	((5.294050e-01 8.545631e+00 1.158928e+00) (4.355025e-03 2.577924e-01 -5.324958e-03) (0.000000e+00 0.000000e+00 0.000000e+00)) ((3.994883e+00 -1.085581e+01 8.005462e+01) (-2.656666e-01 5.449387e-02 2.529077e+00) (0.000000e+00 0.000000e+00 0.000000e+00))
0.0003125     	((5.291305e-01 8.545787e+00 1.158519e+00) (4.355046e-03 2.577921e-01 -5.326951e-03) (0.000000e+00 0.000000e+00 0.000000e+00)) ((3.990682e+00 -1.085181e+01 8.005901e+01) (-2.656841e-01 5.451513e-02 2.529075e+00) (0.000000e+00 0.000000e+00 0.000000e+00))
0.000315      	((5.288847e-01 8.545955e+00 1.158104e+00) (4.354697e-03 2.577924e-01 -5.328787e-03) (0.000000e+00 0.000000e+00 0.000000e+00)) ((3.986417e+00 -1.084773e+01 8.006323e+01) (-2.657005e-01 5.453440e-02 2.529082e+00) (0.000000e+00 0.000000e+00 0.000000e+00))
0.0003175     	((5.286441e-01 8.546124e+00 1.157707e+00) (4.353994e-03 2.577934e-01 -5.330809e-03) (0.000000e+00 0.000000e+00 0.000000e+00)) ((3.982327e+00 -1.084384e+01 8.006741e+01) (-2.657195e-01 5.455521e-02 2.529098e+00) (0.000000e+00 0.000000e+00 0.000000e+00))
0.00032       	((5.284114e-01 8.546289e+00 1.157318e+00) (4.352754e-03 2.577945e-01 -5.332448e-03) (0.000000e+00 0.000000e+00 0.000000e+00)) ((3.978328e+00 -1.084003e+01 8.007145e+01) (-2.657348e-01 5.457159e-02 2.529122e+00) (0.000000e+00 0.000000e+00 0.000000e+00))
0.0003225     	((5.281818e-01 8.546447e+00 1.156956e+00) (4.351445e-03 2.577954e-01 -5.334321e-03) (0.000000e+00 0.000000e+00 0.000000e+00)) ((3.974590e+00 -1.083647e+01 8.007540e+01) (-2.657521e-01 5.459029e-02 2.529145e+00) (0.000000e+00 0.000000e+00 0.000000e+00))
0.000325      	((5.279792e-01 8.546603e+00 1.156598e+00) (4.350204e-03 2.577957e-01 -5.336074e-03) (0.000000e+00 0.000000e+00 0.000000e+00)) ((3.970905e+00 -1.083295e+01 8.007906e+01) (-2.657676e-01 5.460777e-02 2.529160e+00) (0.000000e+00 0.000000e+00 0.000000e+00))
0.0003275     	((5.278077e-01 8.546764e+00 1.156257e+00) (4.349511e-03 2.577955e-01 -5.338420e-03) (0.000000e+00 0.000000e+00 0.000000e+00)) ((3.967380e+00 -1.082956e+01 8.008245e+01) (-2.657886e-01 5.463173e-02 2.529165e+00) (0.000000e+00 0.000000e+00 0.000000e+00))
0.00033       	((5.276833e-01 8.546939e+00 1.155912e+00) (4.349157e-03 2.577950e-01 -5.340853e-03) (0.000000e+00 0.000000e+00 0.000000e+00)) ((3.963794e+00 -1.082608e+01 8.008549e+01) (-2.658102e-01 5.465679e-02 2.529165e+00) (0.000000e+00 0.000000e+00 0.000000e+00))
0.0003325     	((5.275869e-01 8.547127e+00 1.155583e+00) (4.349122e-03 2.577950e-01 -5.343821e-03) (0.000000e+00 0.000000e+00 0.000000e+00)) ((3.960345e+00 -1.082274e+01 8.008839e+01) (-2.658378e-01 5.468753e-02 2.529165e+00) (0.000000e+00 0.000000e+00 0.000000e+00))
0.000335      	((5.275110e-01 8.547327e+00 1.155255e+00) (4.348784e-03 2.577957e-01 -5.346531e-03) (0.000000e+00 0.000000e+00 0.000000e+00)) ((3.956906e+00 -1.081940e+01 8.009120e+01) (-2.658634e-01 5.471529e-02 2.529175e+00) (0.000000e+00 0.000000e+00 0.000000e+00))
0.0003375     	((5.274224e-01 8.547529e+00 1.154958e+00) (4.348120e-03 2.577970e-01 -5.349371e-03) (0.000000e+00 0.000000e+00 0.000000e+00)) ((3.953766e+00 -1.081638e+01 8.009416e+01) (-2.658912e-01 5.474407e-02 2.529196e+00) (0.000000e+00 0.000000e+00 0.000000e+00))
0.00034       	((5.273209e-01 8.547728e+00 1.154679e+00) (4.346878e-03 2.577984e-01 -5.351669e-03) (0.000000e+00 0.000000e+00 0.000000e+00)) ((3.950807e+00 -1.081354e+01 8.009722e+01) (-2.659136e-01 5.476680e-02 2.529223e+00) (0.000000e+00 0.000000e+00 0.000000e+00))
0.0003425     	((5.272001e-01 8.547919e+00 1.154435e+00) (4.345574e-03 2.577996e-01 -5.354121e-03) (0.000000e+00 0.000000e+00 0.000000e+00)) ((3.948209e+00 -1.081108e+01 8.010040e+01) (-2.659373e-01 5.479108e-02 2.529248e+00) (0.000000e+00 0.000000e+00 0.000000e+00))
0.000345      	((5.270899e-01 8.548106e+00 1.154202e+00) (4.344367e-03 2.578001e-01 -5.356329e-03) (0.000000e+00 0.000000e+00 0.000000e+00)) ((3.945716e+00 -1.080872e+01 8.010344e+01) (-2.659578e-01 5.481295e-02 2.529265e+00) (0.000000e+00 0.000000e+00 0.000000e+00))
0.0003475     	((5.269990e-01 8.548294e+00 1.153989e+00) (4.343823e-03 2.578000e-01 -5.359109e-03) (0.000000e+00 0.000000e+00 0.000000e+00)) ((3.943433e+00 -1.080655e+01 8.010629e+01) (-2.659836e-01 5.484122e-02 2.529270e+00) (0.000000e+00 0.000000e+00 0.000000e+00))
0.00035       	((5.269473e-01 8.548491e+00 1.153772e+00) (4.343624e-03 2.577997e-01 -5.361889e-03) (0.000000e+00 0.000000e+00 0.000000e+00)) ((3.941092e+00 -1.080429e+01 8.010883e+01) (-2.660092e-01 5.486971e-02 2.529270e+00) (0.000000e+00 0.000000e+00 0.000000e+00))
0.0003525     	((5.269132e-01 8.548698e+00 1.153570e+00) (4.343722e-03 2.577999e-01 -5.365163e-03) (0.000000e+00 0.000000e+00 0.000000e+00)) ((3.938883e+00 -1.080216e+01 8.011129e+01) (-2.660403e-01 5.490346e-02 2.529271e+00) (0.000000e+00 0.000000e+00 0.000000e+00))
0.000355      	((5.268909e-01 8.548908e+00 1.153367e+00) (4.343440e-03 2.578007e-01 -5.367991e-03) (0.000000e+00 0.000000e+00 0.000000e+00)) ((3.936661e+00 -1.080002e+01 8.011367e+01) (-2.660677e-01 5.493227e-02 2.529282e+00) (0.000000e+00 0.000000e+00 0.000000e+00))
0.0003575     	((5.268491e-01 8.549112e+00 1.153187e+00) (4.342799e-03 2.578024e-01 -5.370831e-03) (0.000000e+00 0.000000e+00 0.000000e+00)) ((3.934666e+00 -1.079812e+01 8.011619e+01) (-2.660961e-01 5.496090e-02 2.529305e+00) (0.000000e+00 0.000000e+00 0.000000e+00))
0.00036       	((5.267906e-01 8.549308e+00 1.153009e+00) (4.341539e-03 2.578043e-01 -5.372925e-03) (0.000000e+00 0.000000e+00 0.000000e+00)) ((3.932711e+00 -1.079627e+01 8.011879e+01) (-2.661172e-01 5.498140e-02 2.529337e+00) (0.000000e+00 0.000000e+00 0.000000e+00))
0.0003625     	((5.267060e-01 8.549488e+00 1.152855e+00) (4.340200e-03 2.578059e-01 -5.375080e-03) (0.000000e+00 0.000000e+00 0.000000e+00)) ((3.931013e+00 -1.079469e+01 8.012151e+01) (-2.661388e-01 5.500252e-02 2.529368e+00) (0.000000e+00 0.000000e+00 0.000000e+00))
0.000365      	((5.266250e-01 8.549656e+00 1.152698e+00) (4.338874e-03 2.578069e-01 -5.376790e-03) (0.000000e+00 0.000000e+00 0.000000e+00)) ((3.929294e+00 -1.079307e+01 8.012406e+01) (-2.661552e-01 5.501912e-02 2.529391e+00) (0.000000e+00 0.000000e+00 0.000000e+00))
0.0003675     	((5.265549e-01 8.549816e+00 1.152551e+00) (4.338186e-03 2.578072e-01 -5.379012e-03) (0.000000e+00 0.000000e+00 0.000000e+00)) ((3.927673e+00 -1.079154e+01 8.012643e+01) (-2.661761e-01 5.504152e-02 2.529402e+00) (0.000000e+00 0.000000e+00 0.000000e+00))
0.00037       	((5.265213e-01 8.549975e+00 1.152383e+00) (4.337878e-03 2.578071e-01 -5.381082e-03) (0.000000e+00 0.000000e+00 0.000000e+00)) ((3.925848e+00 -1.078978e+01 8.012841e+01) (-2.661952e-01 5.506267e-02 2.529405e+00) (0.000000e+00 0.000000e+00 0.000000e+00))
0.0003725     	((5.265073e-01 8.550136e+00 1.152216e+00) (4.337973e-03 2.578074e-01 -5.383648e-03) (0.000000e+00 0.000000e+00 0.000000e+00)) ((3.924025e+00 -1.078801e+01 8.013021e+01) (-2.662196e-01 5.508919e-02 2.529407e+00) (0.000000e+00 0.000000e+00 0.000000e+00))
0.000375      	((5.265103e-01 8.550297e+00 1.152031e+00) (4.337732e-03 2.578082e-01 -5.385702e-03) (0.000000e+00 0.000000e+00 0.000000e+00)) ((3.922013e+00 -1.078603e+01 8.013184e+01) (-2.662396e-01 5.511016e-02 2.529418e+00) (0.000000e+00 0.000000e+00 0.000000e+00))
0.0003775     	((5.264947e-01 8.550450e+00 1.151859e+00) (4.337187e-03 2.578098e-01 -5.387832e-03) (0.000000e+00 0.000000e+00 0.000000e+00)) ((3.920145e+00 -1.078422e+01 8.013357e+01) (-2.662612e-01 5.513165e-02 2.529440e+00) (0.000000e+00 0.000000e+00 0.000000e+00))
0.00038       	((5.264640e-01 8.550587e+00 1.151682e+00) (4.335986e-03 2.578116e-01 -5.389162e-03) (0.000000e+00 0.000000e+00 0.000000e+00)) ((3.918246e+00 -1.078238e+01 8.013530e+01) (-2.662750e-01 5.514442e-02 2.529470e+00) (0.000000e+00 0.000000e+00 0.000000e+00))
0.0003825     	((5.264063e-01 8.550702e+00 1.151527e+00) (4.334701e-03 2.578132e-01 -5.390595e-03) (0.000000e+00 0.000000e+00 0.000000e+00)) ((3.916581e+00 -1.078079e+01 8.013709e+01) (-2.662896e-01 5.515822e-02 2.529499e+00) (0.000000e+00 0.000000e+00 0.000000e+00))
0.000385      	((5.263527e-01 8.550799e+00 1.151365e+00) (4.333403e-03 2.578140e-01 -5.391522e-03) (0.000000e+00 0.000000e+00 0.000000e+00)) ((3.914871e+00 -1.077913e+01 8.013865e+01) (-2.662984e-01 5.516686e-02 2.529520e+00) (0.000000e+00 0.000000e+00 0.000000e+00))
0.0003875     	((5.263080e-01 8.550883e+00 1.151214e+00) (4.332785e-03 2.578141e-01 -5.393042e-03) (0.000000e+00 0.000000e+00 0.000000e+00)) ((3.913280e+00 -1.077757e+01 8.013999e+01) (-2.663125e-01 5.518214e-02 2.529528e+00) (0.000000e+00 0.000000e+00 0.000000e+00))
0.00039       	((5.263004e-01 8.550965e+00 1.151042e+00) (4.332578e-03 2.578136e-01 -5.394417e-03) (0.000000e+00 0.000000e+00 0.000000e+00)) ((3.911488e+00 -1.077578e+01 8.014093e+01) (-2.663246e-01 5.519625e-02 2.529526e+00) (0.000000e+00 0.000000e+00 0.000000e+00))
0.0003925     	((5.263113e-01 8.551049e+00 1.150877e+00) (4.332887e-03 2.578133e-01 -5.396447e-03) (0.000000e+00 0.000000e+00 0.000000e+00)) ((3.909749e+00 -1.077404e+01 8.014169e+01) (-2.663435e-01 5.521744e-02 2.529520e+00) (0.000000e+00 0.000000e+00 0.000000e+00))
0.000395      	((5.263418e-01 8.551134e+00 1.150696e+00) (4.332928e-03 2.578134e-01 -5.398017e-03) (0.000000e+00 0.000000e+00 0.000000e+00)) ((3.907849e+00 -1.077211e+01 8.014226e+01) (-2.663584e-01 5.523364e-02 2.529521e+00) (0.000000e+00 0.000000e+00 0.000000e+00))
0.0003975     	((5.263558e-01 8.551212e+00 1.150533e+00) (4.332764e-03 2.578143e-01 -5.399812e-03) (0.000000e+00 0.000000e+00 0.000000e+00)) ((3.906143e+00 -1.077041e+01 8.014293e+01) (-2.663764e-01 5.525194e-02 2.529532e+00) (0.000000e+00 0.000000e+00 0.000000e+00))
0.0004        	((5.263566e-01 8.551279e+00 1.150368e+00) (4.331958e-03 2.578155e-01 -5.400809e-03) (0.000000e+00 0.000000e+00 0.000000e+00)) ((3.904422e+00 -1.076868e+01 8.014363e+01) (-2.663866e-01 5.526154e-02 2.529552e+00) (0.000000e+00 0.000000e+00 0.000000e+00))
0.0004025     	((5.263270e-01 8.551329e+00 1.150231e+00) (4.331053e-03 2.578166e-01 -5.401993e-03) (0.000000e+00 0.000000e+00 0.000000e+00)) ((3.903005e+00 -1.076728e+01 8.014446e+01) (-2.663988e-01 5.527300e-02 2.529572e+00) (0.000000e+00 0.000000e+00 0.000000e+00))
0.000405      	((5.262985e-01 8.551364e+00 1.150092e+00) (4.330022e-03 2.578169e-01 -5.402578e-03) (0.000000e+00 0.000000e+00 0.000000e+00)) ((3.901581e+00 -1.076586e+01 8.014513e+01) (-2.664042e-01 5.527824e-02 2.529586e+00) (0.000000e+00 0.000000e+00 0.000000e+00))
0.0004075     	((5.262733e-01 8.551388e+00 1.149975e+00) (4.329626e-03 2.578167e-01 -5.403777e-03) (0.000000e+00 0.000000e+00 0.000000e+00)) ((3.900382e+00 -1.076466e+01 8.014565e+01) (-2.664151e-01 5.529031e-02 2.529588e+00) (0.000000e+00 0.000000e+00 0.000000e+00))
0.00041       	((5.262853e-01 8.551411e+00 1.149842e+00) (4.329616e-03 2.578157e-01 -5.404747e-03) (0.000000e+00 0.000000e+00 0.000000e+00)) ((3.899036e+00 -1.076327e+01 8.014579e+01) (-2.664231e-01 5.530034e-02 2.529579e+00) (0.000000e+00 0.000000e+00 0.000000e+00))
0.0004125     	((5.263167e-01 8.551439e+00 1.149724e+00) (4.330209e-03 2.578149e-01 -5.406463e-03) (0.000000e+00 0.000000e+00 0.000000e+00)) ((3.897820e+00 -1.076201e+01 8.014577e+01) (-2.664388e-01 5.531844e-02 2.529566e+00) (0.000000e+00 0.000000e+00 0.000000e+00))
0.000415      	((5.263732e-01 8.551475e+00 1.149591e+00) (4.330599e-03 2.578145e-01 -5.407680e-03) (0.000000e+00 0.000000e+00 0.000000e+00)) ((3.896450e+00 -1.076058e+01 8.014558e+01) (-2.664499e-01 5.533122e-02 2.529557e+00) (0.000000e+00 0.000000e+00 0.000000e+00))
0.0004175     	((5.264186e-01 8.551512e+00 1.149479e+00) (4.330899e-03 2.578147e-01 -5.409223e-03) (0.000000e+00 0.000000e+00 0.000000e+00)) ((3.895289e+00 -1.075937e+01 8.014550e+01) (-2.664650e-01 5.534723e-02 2.529557e+00) (0.000000e+00 0.000000e+00 0.000000e+00))
0.00042       	((5.264568e-01 8.551545e+00 1.149362e+00) (4.330519e-03 2.578154e-01 -5.409900e-03) (0.000000e+00 0.000000e+00 0.000000e+00)) ((3.894092e+00 -1.075814e+01 8.014547e+01) (-2.664719e-01 5.535381e-02 2.529567e+00) (0.000000e+00 0.000000e+00 0.000000e+00))
0.0004225     	((5.264650e-01 8.551567e+00 1.149278e+00) (4.330014e-03 2.578161e-01 -5.410809e-03) (0.000000e+00 0.000000e+00 0.000000e+00)) ((3.893225e+00 -1.075726e+01 8.014562e+01) (-2.664812e-01 5.536268e-02 2.529580e+00) (0.000000e+00 0.000000e+00 0.000000e+00))
0.000425      	((5.264740e-01 8.551580e+00 1.149191e+00) (4.329260e-03 2.578162e-01 -5.410980e-03) (0.000000e+00 0.000000e+00 0.000000e+00)) ((3.892344e+00 -1.075635e+01 8.014567e+01) (-2.664825e-01 5.536381e-02 2.529589e+00) (0.000000e+00 0.000000e+00 0.000000e+00))
0.0004275     	((5.264811e-01 8.551585e+00 1.149130e+00) (4.329077e-03 2.578158e-01 -5.411764e-03) (0.000000e+00 0.000000e+00 0.000000e+00)) ((3.891724e+00 -1.075570e+01 8.014567e+01) (-2.664894e-01 5.537174e-02 2.529587e+00) (0.000000e+00 0.000000e+00 0.000000e+00))
0.00043       	((5.265227e-01 8.551592e+00 1.149053e+00) (4.329198e-03 2.578147e-01 -5.412186e-03) (0.000000e+00 0.000000e+00 0.000000e+00)) ((3.890950e+00 -1.075487e+01 8.014533e+01) (-2.664920e-01 5.537618e-02 2.529574e+00) (0.000000e+00 0.000000e+00 0.000000e+00))
0.0004325     	((5.265811e-01 8.551605e+00 1.148991e+00) (4.329972e-03 2.578136e-01 -5.413430e-03) (0.000000e+00 0.000000e+00 0.000000e+00)) ((3.890316e+00 -1.075418e+01 8.014487e+01) (-2.665029e-01 5.538957e-02 2.529556e+00) (0.000000e+00 0.000000e+00 0.000000e+00))
0.000435      	((5.266680e-01 8.551628e+00 1.148910e+00) (4.330578e-03 2.578127e-01 -5.414138e-03) (0.000000e+00 0.000000e+00 0.000000e+00)) ((3.889474e+00 -1.075326e+01 8.014423e+01) (-2.665087e-01 5.539727e-02 2.529541e+00) (0.000000e+00 0.000000e+00 0.000000e+00))
0.0004375     	((5.267485e-01 8.551656e+00 1.148848e+00) (4.331257e-03 2.578125e-01 -5.415303e-03) (0.000000e+00 0.000000e+00 0.000000e+00)) ((3.888819e+00 -1.075255e+01 8.014370e+01) (-2.665198e-01 5.540971e-02 2.529532e+00) (0.000000e+00 0.000000e+00 0.000000e+00))
0.00044       	((5.268266e-01 8.551686e+00 1.148775e+00) (4.331255e-03 2.578126e-01 -5.415575e-03) (0.000000e+00 0.000000e+00 0.000000e+00)) ((3.888058e+00 -1.075173e+01 8.014322e+01) (-2.665223e-01 5.541242e-02 2.529533e+00) (0.000000e+00 0.000000e+00 0.000000e+00))
0.0004425     	((5.268724e-01 8.551710e+00 1.148733e+00) (4.331130e-03 2.578131e-01 -5.416172e-03) (0.000000e+00 0.000000e+00 0.000000e+00)) ((3.887614e+00 -1.075126e+01 8.014300e+01) (-2.665285e-01 5.541841e-02 2.529539e+00) (0.000000e+00 0.000000e+00 0.000000e+00))
0.000445      	((5.269148e-01 8.551727e+00 1.148684e+00) (4.330614e-03 2.578130e-01 -5.415921e-03) (0.000000e+00 0.000000e+00 0.000000e+00)) ((3.887109e+00 -1.075071e+01 8.014274e+01) (-2.665256e-01 5.541540e-02 2.529544e+00) (0.000000e+00 0.000000e+00 0.000000e+00))
0.0004475     	((5.269449e-01 8.551737e+00 1.148663e+00) (4.330568e-03 2.578126e-01 -5.416315e-03) (0.000000e+00 0.000000e+00 0.000000e+00)) ((3.886875e+00 -1.075046e+01 8.014254e+01) (-2.665288e-01 5.541944e-02 2.529541e+00) (0.000000e+00 0.000000e+00 0.000000e+00))
0.00045       	((5.270018e-01 8.551747e+00 1.148621e+00) (4.330702e-03 2.578115e-01 -5.416218e-03) (0.000000e+00 0.000000e+00 0.000000e+00)) ((3.886445e+00 -1.074997e+01 8.014208e+01) (-2.665263e-01 5.541861e-02 2.529528e+00) (0.000000e+00 0.000000e+00 0.000000e+00))
0.0004525     	((5.270674e-01 8.551763e+00 1.148595e+00) (4.331532e-03 2.578103e-01 -5.417039e-03) (0.000000e+00 0.000000e+00 0.000000e+00)) ((3.886165e+00 -1.074965e+01 8.014157e+01) (-2.665330e-01 5.542774e-02 2.529508e+00) (0.000000e+00 0.000000e+00 0.000000e+00))
0.000455      	((5.271587e-01 8.551788e+00 1.148544e+00) (4.332207e-03 2.578092e-01 -5.417303e-03) (0.000000e+00 0.000000e+00 0.000000e+00)) ((3.885626e+00 -1.074904e+01 8.014090e+01) (-2.665344e-01 5.543099e-02 2.529490e+00) (0.000000e+00 0.000000e+00 0.000000e+00))
0.0004575     	((5.272392e-01 8.551818e+00 1.148512e+00) (4.333040e-03 2.578087e-01 -5.418190e-03) (0.000000e+00 0.000000e+00 0.000000e+00)) ((3.885264e+00 -1.074863e+01 8.014038e+01) (-2.665426e-01 5.544076e-02 2.529478e+00) (0.000000e+00 0.000000e+00 0.000000e+00))
0.00046       	((5.273204e-01 8.551851e+00 1.148460e+00) (4.333249e-03 2.578086e-01 -5.418157e-03) (0.000000e+00 0.000000e+00 0.000000e+00)) ((3.884713e+00 -1.074803e+01 8.013989e+01) (-2.665420e-01 5.544058e-02 2.529474e+00) (0.000000e+00 0.000000e+00 0.000000e+00))
0.0004625     	((5.273663e-01 8.551878e+00 1.148438e+00) (4.333354e-03 2.578089e-01 -5.418599e-03) (0.000000e+00 0.000000e+00 0.000000e+00)) ((3.884457e+00 -1.074776e+01 8.013969e+01) (-2.665466e-01 5.544519e-02 2.529476e+00) (0.000000e+00 0.000000e+00 0.000000e+00))
0.000465      	((5.274058e-01 8.551899e+00 1.148401e+00) (4.332946e-03 2.578089e-01 -5.418108e-03) (0.000000e+00 0.000000e+00 0.000000e+00)) ((3.884069e+00 -1.074735e+01 8.013951e+01) (-2.665415e-01 5.543987e-02 2.529480e+00) (0.000000e+00 0.000000e+00 0.000000e+00))
0.0004675     	((5.274228e-01 8.551911e+00 1.148393e+00) (4.332912e-03 2.578086e-01 -5.418321e-03) (0.000000e+00 0.000000e+00 0.000000e+00)) ((3.883962e+00 -1.074724e+01 8.013946e+01) (-2.665432e-01 5.544209e-02 2.529478e+00) (0.000000e+00 0.000000e+00 0.000000e+00))
0.00047       	((5.274586e-01 8.551920e+00 1.148361e+00) (4.332892e-03 2.578077e-01 -5.417902e-03) (0.000000e+00 0.000000e+00 0.000000e+00)) ((3.883633e+00 -1.074688e+01 8.013920e+01) (-2.665378e-01 5.543789e-02 2.529469e+00) (0.000000e+00 0.000000e+00 0.000000e+00))
0.0004725     	((5.274955e-01 8.551930e+00 1.148346e+00) (4.333565e-03 2.578067e-01 -5.418477e-03) (0.000000e+00 0.000000e+00 0.000000e+00)) ((3.883472e+00 -1.074670e+01 8.013892e+01) (-2.665424e-01 5.544442e-02 2.529452e+00) (0.000000e+00 0.000000e+00 0.000000e+00))
0.000475      	((5.275579e-01 8.551945e+00 1.148302e+00) (4.334088e-03 2.578056e-01 -5.418445e-03) (0.000000e+00 0.000000e+00 0.000000e+00)) ((3.883010e+00 -1.074618e+01 8.013845e+01) (-2.665408e-01 5.544457e-02 2.529436e+00) (0.000000e+00 0.000000e+00 0.000000e+00))
0.0004775     	((5.276094e-01 8.551964e+00 1.148276e+00) (4.334872e-03 2.578051e-01 -5.419212e-03) (0.000000e+00 0.000000e+00 0.000000e+00)) ((3.882727e+00 -1.074587e+01 8.013812e+01) (-2.665480e-01 5.545310e-02 2.529424e+00) (0.000000e+00 0.000000e+00 0.000000e+00))
0.00048       	((5.276681e-01 8.551985e+00 1.148225e+00) (4.335084e-03 2.578049e-01 -5.419036e-03) (0.000000e+00 0.000000e+00 0.000000e+00)) ((3.882186e+00 -1.074529e+01 8.013774e+01) (-2.665459e-01 5.545150e-02 2.529419e+00) (0.000000e+00 0.000000e+00 0.000000e+00))
0.0004825     	((5.276933e-01 8.552000e+00 1.148202e+00) (4.335254e-03 2.578052e-01 -5.419488e-03) (0.000000e+00 0.000000e+00 0.000000e+00)) ((3.881936e+00 -1.074504e+01 8.013764e+01) (-2.665507e-01 5.545631e-02 2.529421e+00) (0.000000e+00 0.000000e+00 0.000000e+00))
0.000485      	((5.277143e-01 8.552009e+00 1.148160e+00) (4.334828e-03 2.578053e-01 -5.418929e-03) (0.000000e+00 0.000000e+00 0.000000e+00)) ((3.881509e+00 -1.074459e+01 8.013752e+01) (-2.665451e-01 5.545028e-02 2.529426e+00) (0.000000e+00 0.000000e+00 0.000000e+00))
0.0004875     	((5.277098e-01 8.552008e+00 1.148149e+00) (4.334723e-03 2.578053e-01 -5.419145e-03) (0.000000e+00 0.000000e+00 0.000000e+00)) ((3.881388e+00 -1.074448e+01 8.013756e+01) (-2.665472e-01 5.545249e-02 2.529427e+00) (0.000000e+00 0.000000e+00 0.000000e+00))
0.00049       	((5.277227e-01 8.552003e+00 1.148112e+00) (4.334495e-03 2.578046e-01 -5.418590e-03) (0.000000e+00 0.000000e+00 0.000000e+00)) ((3.881023e+00 -1.074408e+01 8.013738e+01) (-2.665408e-01 5.544670e-02 2.529423e+00) (0.000000e+00 0.000000e+00 0.000000e+00))
0.0004925     	((5.277331e-01 8.551995e+00 1.148097e+00) (4.334955e-03 2.578039e-01 -5.419097e-03) (0.000000e+00 0.000000e+00 0.000000e+00)) ((3.880874e+00 -1.074392e+01 8.013721e+01) (-2.665450e-01 5.545236e-02 2.529411e+00) (0.000000e+00 0.000000e+00 0.000000e+00))
0.000495      	((5.277725e-01 8.551992e+00 1.148050e+00) (4.335286e-03 2.578029e-01 -5.418914e-03) (0.000000e+00 0.000000e+00 0.000000e+00)) ((3.880407e+00 -1.074341e+01 8.013678e+01) (-2.665421e-01 5.545080e-02 2.529398e+00) (0.000000e+00 0.000000e+00 0.000000e+00))
0.0004975     	((5.278038e-01 8.551991e+00 1.148025e+00) (4.335985e-03 2.578025e-01 -5.419685e-03) (0.000000e+00 0.000000e+00 0.000000e+00)) ((3.880154e+00 -1.074313e+01 8.013646e+01) (-2.665493e-01 5.545931e-02 2.529386e+00) (0.000000e+00 0.000000e+00 0.000000e+00))
0.0005        	((5.278497e-01 8.551993e+00 1.147972e+00) (4.336176e-03 2.578021e-01 -5.419496e-03) (0.000000e+00 0.000000e+00 0.000000e+00)) ((3.879622e+00 -1.074255e+01 8.013602e+01) (-2.665471e-01 5.545754e-02 2.529381e+00) (0.000000e+00 0.000000e+00 0.000000e+00))
0.0005025     	((5.278685e-01 8.551993e+00 1.147949e+00) (4.336411e-03 2.578024e-01 -5.420052e-03) (0.000000e+00 0.000000e+00 0.000000e+00)) ((3.879383e+00 -1.074230e+01 8.013583e+01) (-2.665529e-01 5.546343e-02 2.529381e+00) (0.000000e+00 0.000000e+00 0.000000e+00))
0.000505      	((5.278878e-01 8.551989e+00 1.147905e+00) (4.336030e-03 2.578025e-01 -5.419553e-03) (0.000000e+00 0.000000e+00 0.000000e+00)) ((3.878952e+00 -1.074184e+01 8.013560e+01) (-2.665480e-01 5.545801e-02 2.529386e+00) (0.000000e+00 0.000000e+00 0.000000e+00))
0.0005075     	((5.278812e-01 8.551977e+00 1.147895e+00) (4.335927e-03 2.578027e-01 -5.419852e-03) (0.000000e+00 0.000000e+00 0.000000e+00)) ((3.878856e+00 -1.074174e+01 8.013555e+01) (-2.665511e-01 5.546101e-02 2.529389e+00) (0.000000e+00 0.000000e+00 0.000000e+00))
0.00051       	((5.278902e-01 8.551961e+00 1.147862e+00) (4.335612e-03 2.578022e-01 -5.419295e-03) (0.000000e+00 0.000000e+00 0.000000e+00)) ((3.878541e+00 -1.074140e+01 8.013530e+01) (-2.665450e-01 5.545509e-02 2.529388e+00) (0.000000e+00 0.000000e+00 0.000000e+00))
0.0005125     	((5.278945e-01 8.551943e+00 1.147854e+00) (4.335948e-03 2.578016e-01 -5.419780e-03) (0.000000e+00 0.000000e+00 0.000000e+00)) ((3.878479e+00 -1.074132e+01 8.013508e+01) (-2.665492e-01 5.546038e-02 2.529379e+00) (0.000000e+00 0.000000e+00 0.000000e+00))
0.000515      	((5.279295e-01 8.551929e+00 1.147817e+00) (4.336199e-03 2.578007e-01 -5.419554e-03) (0.000000e+00 0.000000e+00 0.000000e+00)) ((3.878120e+00 -1.074091e+01 8.013459e+01) (-2.665459e-01 5.545829e-02 2.529367e+00) (0.000000e+00 0.000000e+00 0.000000e+00))
0.0005175     	((5.279589e-01 8.551921e+00 1.147804e+00) (4.336880e-03 2.578002e-01 -5.420326e-03) (0.000000e+00 0.000000e+00 0.000000e+00)) ((3.877990e+00 -1.074075e+01 8.013420e+01) (-2.665531e-01 5.546675e-02 2.529355e+00) (0.000000e+00 0.000000e+00 0.000000e+00))
0.00052       	((5.280064e-01 8.551918e+00 1.147763e+00) (4.337114e-03 2.577997e-01 -5.420172e-03) (0.000000e+00 0.000000e+00 0.000000e+00)) ((3.877589e+00 -1.074030e+01 8.013369e+01) (-2.665512e-01 5.546533e-02 2.529348e+00) (0.000000e+00 0.000000e+00 0.000000e+00))
0.0005225     	((5.280311e-01 8.551915e+00 1.147752e+00) (4.337453e-03 2.577999e-01 -5.420784e-03) (0.000000e+00 0.000000e+00 0.000000e+00)) ((3.877477e+00 -1.074017e+01 8.013342e+01) (-2.665575e-01 5.547184e-02 2.529346e+00) (0.000000e+00 0.000000e+00 0.000000e+00))
0.000525      	((5.280578e-01 8.551911e+00 1.147721e+00) (4.337176e-03 2.578000e-01 -5.420342e-03) (0.000000e+00 0.000000e+00 0.000000e+00)) ((3.877175e+00 -1.073984e+01 8.013311e+01) (-2.665531e-01 5.546705e-02 2.529350e+00) (0.000000e+00 0.000000e+00 0.000000e+00))
0.0005275     	((5.280588e-01 8.551902e+00 1.147723e+00) (4.337133e-03 2.578002e-01 -5.420669e-03) (0.000000e+00 0.000000e+00 0.000000e+00)) ((3.877200e+00 -1.073986e+01 8.013301e+01) (-2.665566e-01 5.547035e-02 2.529352e+00) (0.000000e+00 0.000000e+00 0.000000e+00))
0.00053       	((5.280721e-01 8.551891e+00 1.147704e+00) (4.336810e-03 2.577998e-01 -5.420094e-03) (0.000000e+00 0.000000e+00 0.000000e+00)) ((3.877020e+00 -1.073966e+01 8.013277e+01) (-2.665504e-01 5.546420e-02 2.529352e+00) (0.000000e+00 0.000000e+00 0.000000e+00))
0.0005325     	((5.280767e-01 8.551879e+00 1.147712e+00) (4.337080e-03 2.577994e-01 -5.420508e-03) (0.000000e+00 0.000000e+00 0.000000e+00)) ((3.877114e+00 -1.073974e+01 8.013259e+01) (-2.665541e-01 5.546869e-02 2.529345e+00) (0.000000e+00 0.000000e+00 0.000000e+00))
0.000535      	((5.281082e-01 8.551870e+00 1.147692e+00) (4.337258e-03 2.577985e-01 -5.420186e-03) (0.000000e+00 0.000000e+00 0.000000e+00)) ((3.876924e+00 -1.073951e+01 8.013219e+01) (-2.665499e-01 5.546554e-02 2.529334e+00) (0.000000e+00 0.000000e+00 0.000000e+00))
0.0005375     	((5.281353e-01 8.551867e+00 1.147696e+00) (4.337912e-03 2.577979e-01 -5.420866e-03) (0.000000e+00 0.000000e+00 0.000000e+00)) ((3.876955e+00 -1.073952e+01 8.013188e+01) (-2.665562e-01 5.547303e-02 2.529322e+00) (0.000000e+00 0.000000e+00 0.000000e+00))
0.00054       	((5.281810e-01 8.551870e+00 1.147671e+00) (4.338165e-03 2.577974e-01 -5.420654e-03) (0.000000e+00 0.000000e+00 0.000000e+00)) ((3.876704e+00 -1.073923e+01 8.013144e+01) (-2.665536e-01 5.547104e-02 2.529315e+00) (0.000000e+00 0.000000e+00 0.000000e+00))
0.0005425     	((5.282074e-01 8.551875e+00 1.147673e+00) (4.338577e-03 2.577975e-01 -5.421229e-03) (0.000000e+00 0.000000e+00 0.000000e+00)) ((3.876716e+00 -1.073923e+01 8.013123e+01) (-2.665594e-01 5.547724e-02 2.529311e+00) (0.000000e+00 0.000000e+00 0.000000e+00))
0.000545      	((5.282363e-01 8.551881e+00 1.147653e+00) (4.338378e-03 2.577976e-01 -5.420765e-03) (0.000000e+00 0.000000e+00 0.000000e+00)) ((3.876514e+00 -1.073900e+01 8.013099e+01) (-2.665548e-01 5.547229e-02 2.529314e+00) (0.000000e+00 0.000000e+00 0.000000e+00))
0.0005475     	((5.282378e-01 8.551883e+00 1.147665e+00) (4.338369e-03 2.577978e-01 -5.421055e-03) (0.000000e+00 0.000000e+00 0.000000e+00)) ((3.876628e+00 -1.073913e+01 8.013099e+01) (-2.665580e-01 5.547525e-02 2.529316e+00) (0.000000e+00 0.000000e+00 0.000000e+00))
0.00055       	((5.282471e-01 8.551882e+00 1.147655e+00) (4.338012e-03 2.577976e-01 -5.420408e-03) (0.000000e+00 0.000000e+00 0.000000e+00)) ((3.876531e+00 -1.073902e+01 8.013089e+01) (-2.665513e-01 5.546834e-02 2.529318e+00) (0.000000e+00 0.000000e+00 0.000000e+00))
0.0005525     	((5.282444e-01 8.551878e+00 1.147672e+00) (4.338182e-03 2.577973e-01 -5.420710e-03) (0.000000e+00 0.000000e+00 0.000000e+00)) ((3.876699e+00 -1.073919e+01 8.013088e+01) (-2.665539e-01 5.547162e-02 2.529313e+00) (0.000000e+00 0.000000e+00 0.000000e+00))
0.000555      	((5.282655e-01 8.551877e+00 1.147660e+00) (4.338236e-03 2.577966e-01 -5.420255e-03) (0.000000e+00 0.000000e+00 0.000000e+00)) ((3.876581e+00 -1.073905e+01 8.013066e+01) (-2.665486e-01 5.546703e-02 2.529306e+00) (0.000000e+00 0.000000e+00 0.000000e+00))
0.0005575     	((5.282819e-01 8.551879e+00 1.147669e+00) (4.338803e-03 2.577961e-01 -5.420812e-03) (0.000000e+00 0.000000e+00 0.000000e+00)) ((3.876673e+00 -1.073913e+01 8.013051e+01) (-2.665537e-01 5.547323e-02 2.529295e+00) (0.000000e+00 0.000000e+00 0.000000e+00))
0.00056       	((5.283174e-01 8.551887e+00 1.147649e+00) (4.339007e-03 2.577956e-01 -5.420517e-03) (0.000000e+00 0.000000e+00 0.000000e+00)) ((3.876466e+00 -1.073890e+01 8.013023e+01) (-2.665502e-01 5.547038e-02 2.529288e+00) (0.000000e+00 0.000000e+00 0.000000e+00))
0.0005625     	((5.283356e-01 8.551897e+00 1.147654e+00) (4.339420e-03 2.577957e-01 -5.421046e-03) (0.000000e+00 0.000000e+00 0.000000e+00)) ((3.876498e+00 -1.073893e+01 8.013014e+01) (-2.665556e-01 5.547614e-02 2.529284e+00) (0.000000e+00 0.000000e+00 0.000000e+00))
0.000565      	((5.283578e-01 8.551907e+00 1.147634e+00) (4.339239e-03 2.577957e-01 -5.420563e-03) (0.000000e+00 0.000000e+00 0.000000e+00)) ((3.876291e+00 -1.073871e+01 8.013002e+01) (-2.665508e-01 5.547104e-02 2.529287e+00) (0.000000e+00 0.000000e+00 0.000000e+00))
0.0005675     	((5.283528e-01 8.551913e+00 1.147644e+00) (4.339226e-03 2.577961e-01 -5.420841e-03) (0.000000e+00 0.000000e+00 0.000000e+00)) ((3.876382e+00 -1.073881e+01 8.013013e+01) (-2.665539e-01 5.547389e-02 2.529291e+00) (0.000000e+00 0.000000e+00 0.000000e+00))
0.00057       	((5.283539e-01 8.551916e+00 1.147631e+00) (4.338811e-03 2.577960e-01 -5.420168e-03) (0.000000e+00 0.000000e+00 0.000000e+00)) ((3.876248e+00 -1.073868e+01 8.013015e+01) (-2.665471e-01 5.546669e-02 2.529294e+00) (0.000000e+00 0.000000e+00 0.000000e+00))
0.0005725     	((5.283398e-01 8.551914e+00 1.147645e+00) (4.338870e-03 2.577960e-01 -5.420419e-03) (0.000000e+00 0.000000e+00 0.000000e+00)) ((3.876385e+00 -1.073883e+01 8.013027e+01) (-2.665495e-01 5.546936e-02 2.529293e+00) (0.000000e+00 0.000000e+00 0.000000e+00))
0.000575      	((5.283468e-01 8.551912e+00 1.147630e+00) (4.338783e-03 2.577954e-01 -5.419898e-03) (0.000000e+00 0.000000e+00 0.000000e+00)) ((3.876243e+00 -1.073867e+01 8.013018e+01) (-2.665437e-01 5.546401e-02 2.529288e+00) (0.000000e+00 0.000000e+00 0.000000e+00))
0.0005775     	((5.283494e-01 8.551911e+00 1.147637e+00) (4.339235e-03 2.577950e-01 -5.420398e-03) (0.000000e+00 0.000000e+00 0.000000e+00)) ((3.876308e+00 -1.073874e+01 8.013015e+01) (-2.665483e-01 5.546955e-02 2.529280e+00) (0.000000e+00 0.000000e+00 0.000000e+00))
0.00058       	((5.283722e-01 8.551915e+00 1.147613e+00) (4.339371e-03 2.577946e-01 -5.420084e-03) (0.000000e+00 0.000000e+00 0.000000e+00)) ((3.876068e+00 -1.073847e+01 8.012995e+01) (-2.665446e-01 5.546647e-02 2.529274e+00) (0.000000e+00 0.000000e+00 0.000000e+00))
0.0005825     	((5.283809e-01 8.551921e+00 1.147614e+00) (4.339762e-03 2.577946e-01 -5.420634e-03) (0.000000e+00 0.000000e+00 0.000000e+00)) ((3.876064e+00 -1.073847e+01 8.012992e+01) (-2.665502e-01 5.547244e-02 2.529271e+00) (0.000000e+00 0.000000e+00 0.000000e+00))
0.000585      	((5.283962e-01 8.551927e+00 1.147588e+00) (4.339590e-03 2.577947e-01 -5.420203e-03) (0.000000e+00 0.000000e+00 0.000000e+00)) ((3.875803e+00 -1.073820e+01 8.012983e+01) (-2.665460e-01 5.546788e-02 2.529273e+00) (0.000000e+00 0.000000e+00 0.000000e+00))
0.0005875     	((5.283861e-01 8.551929e+00 1.147592e+00) (4.339577e-03 2.577951e-01 -5.420541e-03) (0.000000e+00 0.000000e+00 0.000000e+00)) ((3.875840e+00 -1.073825e+01 8.012996e+01) (-2.665498e-01 5.547135e-02 2.529278e+00) (0.000000e+00 0.000000e+00 0.000000e+00))
0.00059       	((5.283812e-01 8.551927e+00 1.147573e+00) (4.339128e-03 2.577952e-01 -5.419918e-03) (0.000000e+00 0.000000e+00 0.000000e+00)) ((3.875653e+00 -1.073806e+01 8.012999e+01) (-2.665436e-01 5.546463e-02 2.529283e+00) (0.000000e+00 0.000000e+00 0.000000e+00))
0.0005925     	((5.283600e-01 8.551921e+00 1.147583e+00) (4.339105e-03 2.577953e-01 -5.420193e-03) (0.000000e+00 0.000000e+00 0.000000e+00)) ((3.875753e+00 -1.073818e+01 8.013015e+01) (-2.665464e-01 5.546747e-02 2.529284e+00) (0.000000e+00 0.000000e+00 0.000000e+00))
0.000595      	((5.283582e-01 8.551913e+00 1.147564e+00) (4.338914e-03 2.577949e-01 -5.419678e-03) (0.000000e+00 0.000000e+00 0.000000e+00)) ((3.875583e+00 -1.073799e+01 8.013009e+01) (-2.665408e-01 5.546208e-02 2.529282e+00) (0.000000e+00 0.000000e+00 0.000000e+00))
0.0005975     	((5.283520e-01 8.551906e+00 1.147570e+00) (4.339271e-03 2.577946e-01 -5.420179e-03) (0.000000e+00 0.000000e+00 0.000000e+00)) ((3.875643e+00 -1.073806e+01 8.013009e+01) (-2.665454e-01 5.546755e-02 2.529276e+00) (0.000000e+00 0.000000e+00 0.000000e+00))
0.0006        	((5.283688e-01 8.551903e+00 1.147545e+00) (4.339365e-03 2.577941e-01 -5.419888e-03) (0.000000e+00 0.000000e+00 0.000000e+00)) ((3.875399e+00 -1.073779e+01 8.012989e+01) (-2.665420e-01 5.546466e-02 2.529270e+00) (0.000000e+00 0.000000e+00 0.000000e+00))
0.0006025     	((5.283744e-01 8.551903e+00 1.147545e+00) (4.339759e-03 2.577942e-01 -5.420491e-03) (0.000000e+00 0.000000e+00 0.000000e+00)) ((3.875394e+00 -1.073778e+01 8.012983e+01) (-2.665481e-01 5.547116e-02 2.529266e+00) (0.000000e+00 0.000000e+00 0.000000e+00))
0.000605      	((5.283898e-01 8.551904e+00 1.147518e+00) (4.339628e-03 2.577942e-01 -5.420136e-03) (0.000000e+00 0.000000e+00 0.000000e+00)) ((3.875131e+00 -1.073750e+01 8.012968e+01) (-2.665446e-01 5.546739e-02 2.529268e+00) (0.000000e+00 0.000000e+00 0.000000e+00))
0.0006075     	((5.283818e-01 8.551903e+00 1.147522e+00) (4.339658e-03 2.577946e-01 -5.420554e-03) (0.000000e+00 0.000000e+00 0.000000e+00)) ((3.875166e+00 -1.073754e+01 8.012975e+01) (-2.665492e-01 5.547168e-02 2.529272e+00) (0.000000e+00 0.000000e+00 0.000000e+00))
0.00061       	((5.283794e-01 8.551899e+00 1.147503e+00) (4.339223e-03 2.577948e-01 -5.419995e-03) (0.000000e+00 0.000000e+00 0.000000e+00)) ((3.874983e+00 -1.073735e+01 8.012974e+01) (-2.665437e-01 5.546561e-02 2.529278e+00) (0.000000e+00 0.000000e+00 0.000000e+00))
0.0006125     	((5.283594e-01 8.551891e+00 1.147514e+00) (4.339173e-03 2.577950e-01 -5.420305e-03) (0.000000e+00 0.000000e+00 0.000000e+00)) ((3.875100e+00 -1.073749e+01 8.012986e+01) (-2.665470e-01 5.546876e-02 2.529280e+00) (0.000000e+00 0.000000e+00 0.000000e+00))
0.000615      	((5.283574e-01 8.551881e+00 1.147499e+00) (4.338926e-03 2.577946e-01 -5.419796e-03) (0.000000e+00 0.000000e+00 0.000000e+00)) ((3.874964e+00 -1.073733e+01 8.012979e+01) (-2.665415e-01 5.546336e-02 2.529279e+00) (0.000000e+00 0.000000e+00 0.000000e+00))
0.0006175     	((5.283508e-01 8.551873e+00 1.147509e+00) (4.339230e-03 2.577944e-01 -5.420289e-03) (0.000000e+00 0.000000e+00 0.000000e+00)) ((3.875069e+00 -1.073744e+01 8.012977e+01) (-2.665461e-01 5.546868e-02 2.529274e+00) (0.000000e+00 0.000000e+00 0.000000e+00))
0.00062       	((5.283673e-01 8.551868e+00 1.147490e+00) (4.339308e-03 2.577939e-01 -5.419996e-03) (0.000000e+00 0.000000e+00 0.000000e+00)) ((3.874888e+00 -1.073724e+01 8.012956e+01) (-2.665427e-01 5.546574e-02 2.529268e+00) (0.000000e+00 0.000000e+00 0.000000e+00))
0.0006225     	((5.283757e-01 8.551866e+00 1.147495e+00) (4.339731e-03 2.577938e-01 -5.420618e-03) (0.000000e+00 0.000000e+00 0.000000e+00)) ((3.874933e+00 -1.073728e+01 8.012946e+01) (-2.665488e-01 5.547245e-02 2.529263e+00) (0.000000e+00 0.000000e+00 0.000000e+00))
0.000625      	((5.283962e-01 8.551868e+00 1.147473e+00) (4.339664e-03 2.577938e-01 -5.420300e-03) (0.000000e+00 0.000000e+00 0.000000e+00)) ((3.874716e+00 -1.073704e+01 8.012926e+01) (-2.665456e-01 5.546910e-02 2.529264e+00) (0.000000e+00 0.000000e+00 0.000000e+00))
0.0006275     	((5.283949e-01 8.551869e+00 1.147481e+00) (4.339765e-03 2.577942e-01 -5.420760e-03) (0.000000e+00 0.000000e+00 0.000000e+00)) ((3.874790e+00 -1.073712e+01 8.012929e+01) (-2.665506e-01 5.547387e-02 2.529266e+00) (0.000000e+00 0.000000e+00 0.000000e+00))
0.00063       	((5.283981e-01 8.551869e+00 1.147467e+00) (4.339378e-03 2.577943e-01 -5.420231e-03) (0.000000e+00 0.000000e+00 0.000000e+00)) ((3.874658e+00 -1.073698e+01 8.012926e+01) (-2.665455e-01 5.546812e-02 2.529272e+00) (0.000000e+00 0.000000e+00 0.000000e+00))
0.0006325     	((5.283828e-01 8.551865e+00 1.147483e+00) (4.339334e-03 2.577946e-01 -5.420542e-03) (0.000000e+00 0.000000e+00 0.000000e+00)) ((3.874815e+00 -1.073715e+01 8.012937e+01) (-2.665488e-01 5.547127e-02 2.529275e+00) (0.000000e+00 0.000000e+00 0.000000e+00))
0.000635      	((5.283825e-01 8.551860e+00 1.147474e+00) (4.339054e-03 2.577943e-01 -5.420005e-03) (0.000000e+00 0.000000e+00 0.000000e+00)) ((3.874733e+00 -1.073706e+01 8.012932e+01) (-2.665431e-01 5.546555e-02 2.529275e+00) (0.000000e+00 0.000000e+00 0.000000e+00))
0.0006375     	((5.283758e-01 8.551855e+00 1.147490e+00) (4.339315e-03 2.577941e-01 -5.420451e-03) (0.000000e+00 0.000000e+00 0.000000e+00)) ((3.874896e+00 -1.073723e+01 8.012934e+01) (-2.665473e-01 5.547035e-02 2.529270e+00) (0.000000e+00 0.000000e+00 0.000000e+00))
0.00064       	((5.283909e-01 8.551853e+00 1.147477e+00) (4.339370e-03 2.577936e-01 -5.420113e-03) (0.000000e+00 0.000000e+00 0.000000e+00)) ((3.874777e+00 -1.073709e+01 8.012916e+01) (-2.665434e-01 5.546693e-02 2.529265e+00) (0.000000e+00 0.000000e+00 0.000000e+00))
0.0006425     	((5.284006e-01 8.551854e+00 1.147487e+00) (4.339806e-03 2.577935e-01 -5.420705e-03) (0.000000e+00 0.000000e+00 0.000000e+00)) ((3.874870e+00 -1.073718e+01 8.012908e+01) (-2.665492e-01 5.547334e-02 2.529259e+00) (0.000000e+00 0.000000e+00 0.000000e+00))
0.000645      	((5.284230e-01 8.551859e+00 1.147470e+00) (4.339789e-03 2.577934e-01 -5.420382e-03) (0.000000e+00 0.000000e+00 0.000000e+00)) ((3.874701e+00 -1.073699e+01 8.012891e+01) (-2.665459e-01 5.546999e-02 2.529258e+00) (0.000000e+00 0.000000e+00 0.000000e+00))
0.0006475     	((5.284255e-01 8.551865e+00 1.147481e+00) (4.339952e-03 2.577937e-01 -5.420849e-03) (0.000000e+00 0.000000e+00 0.000000e+00)) ((3.874797e+00 -1.073710e+01 8.012893e+01) (-2.665509e-01 5.547489e-02 2.529260e+00) (0.000000e+00 0.000000e+00 0.000000e+00))
0.00065       	((5.284314e-01 8.551870e+00 1.147470e+00) (4.339608e-03 2.577939e-01 -5.420326e-03) (0.000000e+00 0.000000e+00 0.000000e+00)) ((3.874683e+00 -1.073697e+01 8.012892e+01) (-2.665458e-01 5.546924e-02 2.529265e+00) (0.000000e+00 0.000000e+00 0.000000e+00))
0.0006525     	((5.284165e-01 8.551871e+00 1.147487e+00) (4.339565e-03 2.577942e-01 -5.420620e-03) (0.000000e+00 0.000000e+00 0.000000e+00)) ((3.874855e+00 -1.073717e+01 8.012908e+01) (-2.665490e-01 5.547223e-02 2.529268e+00) (0.000000e+00 0.000000e+00 0.000000e+00))
0.000655      	((5.284136e-01 8.551870e+00 1.147480e+00) (4.339245e-03 2.577940e-01 -5.420042e-03) (0.000000e+00 0.000000e+00 0.000000e+00)) ((3.874792e+00 -1.073710e+01 8.012910e+01) (-2.665430e-01 5.546606e-02 2.529270e+00) (0.000000e+00 0.000000e+00 0.000000e+00))
0.0006575     	((5.284028e-01 8.551867e+00 1.147498e+00) (4.339441e-03 2.577939e-01 -5.420430e-03) (0.000000e+00 0.000000e+00 0.000000e+00)) ((3.874968e+00 -1.073729e+01 8.012919e+01) (-2.665467e-01 5.547023e-02 2.529266e+00) (0.000000e+00 0.000000e+00 0.000000e+00))
0.00066       	((5.284132e-01 8.551867e+00 1.147487e+00) (4.339442e-03 2.577934e-01 -5.420037e-03) (0.000000e+00 0.000000e+00 0.000000e+00)) ((3.874861e+00 -1.073717e+01 8.012908e+01) (-2.665423e-01 5.546622e-02 2.529262e+00) (0.000000e+00 0.000000e+00 0.000000e+00))
0.0006625     	((5.284184e-01 8.551870e+00 1.147498e+00) (4.339858e-03 2.577932e-01 -5.420593e-03) (0.000000e+00 0.000000e+00 0.000000e+00)) ((3.874963e+00 -1.073727e+01 8.012905e+01) (-2.665477e-01 5.547226e-02 2.529256e+00) (0.000000e+00 0.000000e+00 0.000000e+00))
0.000665      	((5.284380e-01 8.551876e+00 1.147481e+00) (4.339858e-03 2.577931e-01 -5.420262e-03) (0.000000e+00 0.000000e+00 0.000000e+00)) ((3.874794e+00 -1.073708e+01 8.012891e+01) (-2.665442e-01 5.546886e-02 2.529255e+00) (0.000000e+00 0.000000e+00 0.000000e+00))
0.0006675     	((5.284392e-01 8.551882e+00 1.147491e+00) (4.340057e-03 2.577934e-01 -5.420741e-03) (0.000000e+00 0.000000e+00 0.000000e+00)) ((3.874876e+00 -1.073718e+01 8.012896e+01) (-2.665494e-01 5.547392e-02 2.529256e+00) (0.000000e+00 0.000000e+00 0.000000e+00))
0.00067       	((5.284436e-01 8.551887e+00 1.147477e+00) (4.339739e-03 2.577936e-01 -5.420236e-03) (0.000000e+00 0.000000e+00 0.000000e+00)) ((3.874739e+00 -1.073703e+01 8.012897e+01) (-2.665445e-01 5.546847e-02 2.529261e+00) (0.000000e+00 0.000000e+00 0.000000e+00))
0.0006725     	((5.284276e-01 8.551889e+00 1.147491e+00) (4.339687e-03 2.577939e-01 -5.420533e-03) (0.000000e+00 0.000000e+00 0.000000e+00)) ((3.874878e+00 -1.073720e+01 8.012916e+01) (-2.665478e-01 5.547149e-02 2.529265e+00) (0.000000e+00 0.000000e+00 0.000000e+00))
0.000675      	((5.284218e-01 8.551889e+00 1.147482e+00) (4.339322e-03 2.577938e-01 -5.419944e-03) (0.000000e+00 0.000000e+00 0.000000e+00)) ((3.874787e+00 -1.073710e+01 8.012921e+01) (-2.665418e-01 5.546518e-02 2.529268e+00) (0.000000e+00 0.000000e+00 0.000000e+00))
0.0006775     	((5.284072e-01 8.551886e+00 1.147497e+00) (4.339449e-03 2.577938e-01 -5.420304e-03) (0.000000e+00 0.000000e+00 0.000000e+00)) ((3.874937e+00 -1.073727e+01 8.012933e+01) (-2.665453e-01 5.546900e-02 2.529266e+00) (0.000000e+00 0.000000e+00 0.000000e+00))
0.00068       	((5.284108e-01 8.551884e+00 1.147485e+00) (4.339390e-03 2.577934e-01 -5.419883e-03) (0.000000e+00 0.000000e+00 0.000000e+00)) ((3.874823e+00 -1.073714e+01 8.012927e+01) (-2.665407e-01 5.546467e-02 2.529262e+00) (0.000000e+00 0.000000e+00 0.000000e+00))
0.0006825     	((5.284098e-01 8.551883e+00 1.147494e+00) (4.339769e-03 2.577932e-01 -5.420424e-03) (0.000000e+00 0.000000e+00 0.000000e+00)) ((3.874915e+00 -1.073724e+01 8.012928e+01) (-2.665459e-01 5.547053e-02 2.529257e+00) (0.000000e+00 0.000000e+00 0.000000e+00))
0.000685      	((5.284261e-01 8.551885e+00 1.147475e+00) (4.339772e-03 2.577930e-01 -5.420103e-03) (0.000000e+00 0.000000e+00 0.000000e+00)) ((3.874727e+00 -1.073703e+01 8.012914e+01) (-2.665425e-01 5.546725e-02 2.529255e+00) (0.000000e+00 0.000000e+00 0.000000e+00))
0.0006875     	((5.284266e-01 8.551889e+00 1.147482e+00) (4.340002e-03 2.577933e-01 -5.420616e-03) (0.000000e+00 0.000000e+00 0.000000e+00)) ((3.874783e+00 -1.073710e+01 8.012917e+01) (-2.665479e-01 5.547268e-02 2.529255e+00) (0.000000e+00 0.000000e+00 0.000000e+00))
0.00069       	((5.284319e-01 8.551892e+00 1.147465e+00) (4.339717e-03 2.577935e-01 -5.420151e-03) (0.000000e+00 0.000000e+00 0.000000e+00)) ((3.874614e+00 -1.073692e+01 8.012914e+01) (-2.665434e-01 5.546767e-02 2.529260e+00) (0.000000e+00 0.000000e+00 0.000000e+00))
0.0006925     	((5.284182e-01 8.551893e+00 1.147476e+00) (4.339677e-03 2.577939e-01 -5.420488e-03) (0.000000e+00 0.000000e+00 0.000000e+00)) ((3.874718e+00 -1.073704e+01 8.012929e+01) (-2.665472e-01 5.547110e-02 2.529264e+00) (0.000000e+00 0.000000e+00 0.000000e+00))
0.000695      	((5.284115e-01 8.551890e+00 1.147464e+00) (4.339294e-03 2.577939e-01 -5.419921e-03) (0.000000e+00 0.000000e+00 0.000000e+00)) ((3.874606e+00 -1.073693e+01 8.012933e+01) (-2.665415e-01 5.546498e-02 2.529268e+00) (0.000000e+00 0.000000e+00 0.000000e+00))
0.0006975     	((5.283934e-01 8.551885e+00 1.147478e+00) (4.339371e-03 2.577939e-01 -5.420279e-03) (0.000000e+00 0.000000e+00 0.000000e+00)) ((3.874752e+00 -1.073709e+01 8.012946e+01) (-2.665451e-01 5.546874e-02 2.529268e+00) (0.000000e+00 0.000000e+00 0.000000e+00))
0.0007        	((5.283953e-01 8.551880e+00 1.147465e+00) (4.339255e-03 2.577935e-01 -5.419845e-03) (0.000000e+00 0.000000e+00 0.000000e+00)) ((3.874632e+00 -1.073696e+01 8.012940e+01) (-2.665403e-01 5.546421e-02 2.529265e+00) (0.000000e+00 0.000000e+00 0.000000e+00))
0.0007025     	((5.283934e-01 8.551877e+00 1.147475e+00) (4.339610e-03 2.577934e-01 -5.420381e-03) (0.000000e+00 0.000000e+00 0.000000e+00)) ((3.874725e+00 -1.073705e+01 8.012938e+01) (-2.665455e-01 5.547001e-02 2.529260e+00) (0.000000e+00 0.000000e+00 0.000000e+00))
0.000705      	((5.284093e-01 8.551876e+00 1.147456e+00) (4.339627e-03 2.577931e-01 -5.420079e-03) (0.000000e+00 0.000000e+00 0.000000e+00)) ((3.874544e+00 -1.073685e+01 8.012922e+01) (-2.665422e-01 5.546693e-02 2.529257e+00) (0.000000e+00 0.000000e+00 0.000000e+00))
0.0007075     	((5.284114e-01 8.551877e+00 1.147463e+00) (4.339901e-03 2.577933e-01 -5.420626e-03) (0.000000e+00 0.000000e+00 0.000000e+00)) ((3.874604e+00 -1.073691e+01 8.012920e+01) (-2.665479e-01 5.547274e-02 2.529256e+00) (0.000000e+00 0.000000e+00 0.000000e+00))
0.00071       	((5.284199e-01 8.551878e+00 1.147446e+00) (4.339670e-03 2.577934e-01 -5.420207e-03) (0.000000e+00 0.000000e+00 0.000000e+00)) ((3.874436e+00 -1.073673e+01 8.012913e+01) (-2.665439e-01 5.546823e-02 2.529260e+00) (0.000000e+00 0.000000e+00 0.000000e+00))
0.0007125     	((5.284100e-01 8.551879e+00 1.147456e+00) (4.339666e-03 2.577938e-01 -5.420583e-03) (0.000000e+00 0.000000e+00 0.000000e+00)) ((3.874539e+00 -1.073685e+01 8.012924e+01) (-2.665480e-01 5.547207e-02 2.529264e+00) (0.000000e+00 0.000000e+00 0.000000e+00))
0.000715      	((5.284067e-01 8.551876e+00 1.147445e+00) (4.339287e-03 2.577939e-01 -5.420036e-03) (0.000000e+00 0.000000e+00 0.000000e+00)) ((3.874430e+00 -1.073674e+01 8.012925e+01) (-2.665426e-01 5.546615e-02 2.529268e+00) (0.000000e+00 0.000000e+00 0.000000e+00))
0.0007175     	((5.283914e-01 8.551872e+00 1.147460e+00) (4.339340e-03 2.577939e-01 -5.420391e-03) (0.000000e+00 0.000000e+00 0.000000e+00)) ((3.874584e+00 -1.073691e+01 8.012936e+01) (-2.665462e-01 5.546985e-02 2.529268e+00) (0.000000e+00 0.000000e+00 0.000000e+00))
0.00072       	((5.283922e-01 8.551866e+00 1.147450e+00) (4.339192e-03 2.577936e-01 -5.419941e-03) (0.000000e+00 0.000000e+00 0.000000e+00)) ((3.874493e+00 -1.073680e+01 8.012930e+01) (-2.665413e-01 5.546513e-02 2.529267e+00) (0.000000e+00 0.000000e+00 0.000000e+00))
